1627530745.040137,0,1461.888184,1461.888184,963.666687,694.755127
1627530745.073460,1,1467.578613,1467.578613,964.032715,695.950562
1627530745.106783,2,1464.733276,1464.733276,964.016541,693.571716
1627530745.140107,3,1462.457275,1462.457275,964.180542,694.262817
1627530745.173429,4,1465.302368,1465.302368,963.799561,694.672058
1627530745.206753,5,1466.440552,1466.440552,964.072571,694.277466
1627530745.240076,6,1461.888184,1461.888184,964.252625,693.875549
1627530745.273399,7,1463.595215,1463.595215,963.999146,694.673035
1627530745.306722,8,1464.164307,1464.164307,964.330688,694.136597
1627530745.340045,9,1464.164307,1464.164307,964.254395,694.481812
1627530745.373369,10,1463.595215,1463.595215,964.146973,693.979187
1627530745.406692,11,1463.595215,1463.595215,964.124084,694.574402
1627530745.440015,12,1463.595215,1463.595215,964.327026,694.141235
1627530745.473338,13,1464.164307,1464.164307,964.093140,694.291382
1627530745.506661,14,1463.595215,1463.595215,962.247314,697.964783
1627530745.539984,15,1464.733276,1464.733276,964.255676,694.708618
1627530745.573308,16,1464.164307,1464.164307,964.261902,694.320618
1627530745.606631,17,1464.733276,1464.733276,964.135010,694.334229
1627530745.639954,18,1464.733276,1464.733276,964.012146,694.687317
1627530745.673277,19,1462.457275,1462.457275,964.437927,694.888611
1627530745.706600,20,1465.302368,1465.302368,963.839050,694.488403
1627530745.739923,21,1462.457275,1462.457275,964.218079,694.253296
1627530745.773247,22,1461.319092,1461.319092,964.028748,694.218323
1627530745.806570,23,1463.595215,1463.595215,963.755371,694.061218
1627530745.839893,24,1464.164307,1464.164307,963.915100,694.252014
1627530745.873216,25,1464.164307,1464.164307,964.119751,694.206055
1627530745.906539,26,1465.302368,1465.302368,964.023438,694.560120
1627530745.939863,27,1464.733276,1464.733276,963.379700,694.696655
1627530745.973186,28,1464.164307,1464.164307,964.303528,693.971619
1627530746.006509,29,1464.164307,1464.164307,963.141846,694.766418
1627530746.039832,30,1462.457275,1462.457275,963.857300,694.160889
1627530746.073155,31,1464.164307,1464.164307,964.087830,694.725891
1627530746.106478,32,1464.733276,1464.733276,964.459229,694.577698
1627530746.139802,33,1465.302368,1465.302368,964.657532,692.026733
1627530746.173125,34,1463.595215,1463.595215,963.354431,694.323303
1627530746.206448,35,1463.026245,1463.026245,963.814148,694.316650
1627530746.239771,36,1464.164307,1464.164307,963.940063,694.502686
1627530746.273094,37,1463.595215,1463.595215,963.936401,694.535889
1627530746.306417,38,1464.733276,1464.733276,963.586304,694.373108
1627530746.339741,39,1464.733276,1464.733276,964.206116,694.604309
1627530746.373064,40,1464.164307,1464.164307,964.610474,694.616455
1627530746.406387,41,1463.595215,1463.595215,965.442444,694.244568
1627530746.456372,42,1463.595215,1463.595215,963.254089,694.596313
1627530746.489695,43,1464.733276,1464.733276,963.204285,694.043274
1627530746.523018,44,1463.595215,1463.595215,964.106018,694.669189
1627530746.556341,45,1464.164307,1464.164307,964.658508,694.664062
1627530746.589664,46,1462.457275,1462.457275,963.868286,695.380920
1627530746.622988,47,1463.595215,1463.595215,964.368225,694.931152
1627530746.656311,48,1464.733276,1464.733276,964.455444,694.123962
1627530746.689634,49,1464.733276,1464.733276,964.420654,694.932129
1627530746.722957,50,1463.595215,1463.595215,965.347778,694.654785
1627530746.756280,51,1463.595215,1463.595215,963.574524,693.794922
1627530746.789603,52,1464.164307,1464.164307,963.632812,694.557129
1627530746.822927,53,1463.026245,1463.026245,964.633240,694.692017
1627530746.856250,54,1463.595215,1463.595215,964.010803,694.384827
1627530746.889573,55,1463.595215,1463.595215,963.998474,694.531555
1627530746.922896,56,1463.026245,1463.026245,964.263916,694.377075
1627530746.956219,57,1463.595215,1463.595215,963.895203,694.118652
1627530746.989542,58,1464.164307,1464.164307,964.126404,694.801636
1627530747.022866,59,1464.733276,1464.733276,964.139343,694.815918
1627530747.056189,60,1464.733276,1464.733276,963.839417,694.403015
1627530747.089512,61,1464.164307,1464.164307,964.220032,694.362793
1627530747.122835,62,1464.733276,1464.733276,964.236633,694.802917
1627530747.156158,63,1464.164307,1464.164307,964.235352,694.462769
1627530747.189481,64,1464.733276,1464.733276,964.485107,694.322632
1627530747.222804,65,1464.164307,1464.164307,964.530945,694.620239
1627530747.256128,66,1464.164307,1464.164307,964.571838,694.550171
1627530747.289451,67,1464.733276,1464.733276,964.830994,694.353821
1627530747.322774,68,1464.164307,1464.164307,964.922607,694.538513
1627530747.356097,69,1464.733276,1464.733276,965.551025,694.189087
1627530747.389420,70,1465.871460,1465.871460,964.926208,694.752014
1627530747.422743,71,1465.302368,1465.302368,965.125183,693.987793
1627530747.456067,72,1464.733276,1464.733276,965.354065,694.243591
1627530747.489390,73,1464.164307,1464.164307,965.261047,694.224548
1627530747.539375,74,1464.164307,1464.164307,965.186218,694.186462
1627530747.572698,75,1464.164307,1464.164307,965.267700,693.988464
1627530747.606021,76,1463.595215,1463.595215,965.581909,694.302002
1627530747.656006,77,1464.164307,1464.164307,965.441101,694.329285
1627530747.689329,78,1464.164307,1464.164307,965.634399,694.038086
1627530747.722652,79,1463.595215,1463.595215,965.189331,694.299377
1627530747.755975,80,1464.164307,1464.164307,965.314880,694.399658
1627530747.789298,81,1464.164307,1464.164307,965.203918,694.167419
1627530747.822621,82,1463.595215,1463.595215,965.413879,694.301025
1627530747.855945,83,1463.026245,1463.026245,965.647705,693.777893
1627530747.889268,84,1463.026245,1463.026245,965.059082,694.316650
1627530747.922591,85,1463.026245,1463.026245,965.120544,694.454834
1627530747.955914,86,1463.026245,1463.026245,964.922913,694.253845
1627530747.989237,87,1463.026245,1463.026245,964.866760,694.282410
1627530748.022560,88,1462.457275,1462.457275,964.744202,694.635498
1627530748.055883,89,1462.457275,1462.457275,964.601379,694.379761
1627530748.089207,90,1463.595215,1463.595215,964.557556,694.422607
1627530748.122530,91,1463.595215,1463.595215,964.180420,694.480530
1627530748.155853,92,1463.595215,1463.595215,964.234314,694.377075
1627530748.189176,93,1464.164307,1464.164307,963.929749,694.772400
1627530748.222499,94,1463.595215,1463.595215,963.859741,694.307800
1627530748.255823,95,1463.595215,1463.595215,963.883911,694.474121
1627530748.289146,96,1464.164307,1464.164307,963.744751,694.643188
1627530748.322469,97,1464.164307,1464.164307,963.695435,694.855652
1627530748.355792,98,1464.733276,1464.733276,963.318542,694.384766
1627530748.389115,99,1463.595215,1463.595215,963.392944,694.511963
1627530748.422438,100,1464.164307,1464.164307,963.557739,694.230286
1627530748.455762,101,1464.164307,1464.164307,963.502930,694.400330
1627530748.489085,102,1464.164307,1464.164307,963.180359,694.440186
1627530748.522408,103,1464.164307,1464.164307,962.978394,694.472107
1627530748.555731,104,1463.026245,1463.026245,963.264771,694.326965
1627530748.589054,105,1464.164307,1464.164307,963.026917,694.538513
1627530748.622377,106,1463.595215,1463.595215,963.097351,694.524902
1627530748.655700,107,1463.595215,1463.595215,963.155579,693.300659
1627530748.689024,108,1463.595215,1463.595215,963.192322,694.142578
1627530748.722347,109,1463.595215,1463.595215,963.097656,694.496338
1627530748.755670,110,1464.164307,1464.164307,963.220215,694.227600
1627530748.788993,111,1463.026245,1463.026245,962.898376,694.126343
1627530748.822316,112,1463.595215,1463.595215,962.982422,694.240234
1627530748.855639,113,1463.595215,1463.595215,962.712708,694.053589
1627530748.888963,114,1463.595215,1463.595215,962.684814,694.025024
1627530748.922286,115,1464.164307,1464.164307,962.697388,693.954590
1627530748.955609,116,1463.026245,1463.026245,962.340637,694.163879
1627530748.988932,117,1464.164307,1464.164307,962.261597,693.851929
1627530749.022255,118,1464.164307,1464.164307,962.206787,694.106689
1627530749.055578,119,1464.164307,1464.164307,962.075806,694.086365
1627530749.088902,120,1463.595215,1463.595215,961.969666,694.119324
1627530749.122225,121,1464.733276,1464.733276,962.050354,693.949585
1627530749.155548,122,1464.164307,1464.164307,962.076294,694.124451
1627530749.188871,123,1464.733276,1464.733276,962.202148,693.681519
1627530749.222194,124,1464.164307,1464.164307,961.950378,693.906738
1627530749.255517,125,1463.595215,1463.595215,962.132080,694.181580
1627530749.288841,126,1464.164307,1464.164307,962.149353,694.049561
1627530749.322164,127,1463.595215,1463.595215,962.272888,693.752625
1627530749.355487,128,1464.164307,1464.164307,962.861816,693.643372
1627530749.388810,129,1463.595215,1463.595215,962.205139,693.993774
1627530749.422133,130,1464.164307,1464.164307,962.727295,694.295044
1627530749.455456,131,1464.733276,1464.733276,962.893066,694.126343
1627530749.488780,132,1464.733276,1464.733276,962.880127,694.226318
1627530749.522103,133,1463.595215,1463.595215,963.117249,693.872192
1627530749.555426,134,1463.595215,1463.595215,963.498230,694.088440
1627530749.588749,135,1465.302368,1465.302368,963.460754,694.211243
1627530749.622072,136,1465.302368,1465.302368,963.534485,693.819397
1627530749.655396,137,1464.164307,1464.164307,963.851013,694.190063
1627530749.688719,138,1464.164307,1464.164307,963.968262,694.271484
1627530749.722042,139,1462.457275,1462.457275,964.066589,694.404358
1627530749.755365,140,1463.026245,1463.026245,964.132019,693.964905
1627530749.788688,141,1463.595215,1463.595215,963.857971,694.422058
1627530749.822011,142,1464.164307,1464.164307,964.551208,693.940308
1627530749.855334,143,1464.733276,1464.733276,964.815308,693.814758
1627530749.888658,144,1463.595215,1463.595215,964.620178,693.803345
1627530749.921981,145,1461.888184,1461.888184,964.612000,693.967896
1627530749.955304,146,1463.595215,1463.595215,964.409729,693.797119
1627530749.988627,147,1464.164307,1464.164307,964.497070,694.251526
1627530750.021950,148,1462.457275,1462.457275,964.814636,694.220520
1627530750.055273,149,1463.595215,1463.595215,964.386108,694.222656
1627530750.088596,150,1464.164307,1464.164307,964.844177,693.757935
1627530750.121919,151,1463.595215,1463.595215,965.106506,693.541626
1627530750.155243,152,1464.733276,1464.733276,964.466492,693.996460
1627530750.188566,153,1463.595215,1463.595215,964.368835,693.810791
1627530750.221889,154,1464.164307,1464.164307,964.596741,693.254578
1627530750.255212,155,1464.733276,1464.733276,964.166260,694.816223
1627530750.288535,156,1463.595215,1463.595215,964.384827,694.051880
1627530750.321859,157,1462.457275,1462.457275,964.918274,693.238220
1627530750.355182,158,1464.164307,1464.164307,964.239990,694.973022
1627530750.388505,159,1464.164307,1464.164307,964.699707,694.679016
1627530750.421828,160,1464.164307,1464.164307,964.829224,694.012817
1627530750.455151,161,1463.595215,1463.595215,964.838562,694.481079
1627530750.488474,162,1464.733276,1464.733276,965.329834,694.527588
1627530750.521797,163,1464.164307,1464.164307,965.316406,694.167847
1627530750.555120,164,1463.026245,1463.026245,965.653320,694.259827
1627530750.588444,165,1463.026245,1463.026245,964.957458,694.878662
1627530750.621767,166,1462.457275,1462.457275,965.980713,694.493347
1627530750.655090,167,1463.595215,1463.595215,966.240967,694.151245
1627530750.688413,168,1461.888184,1461.888184,966.743835,693.473633
1627530750.721736,169,1463.595215,1463.595215,966.644165,693.629761
1627530750.755059,170,1464.733276,1464.733276,966.167175,694.949524
1627530750.788383,171,1464.733276,1464.733276,966.824524,693.730347
1627530750.821706,172,1462.457275,1462.457275,966.598328,694.707275
1627530750.855029,173,1462.457275,1462.457275,966.453308,695.121338
1627530750.888352,174,1463.595215,1463.595215,967.203247,693.520752
1627530750.921675,175,1465.302368,1465.302368,967.624390,693.949280
1627530750.954998,176,1465.302368,1465.302368,967.627808,695.188660
1627530750.988322,177,1464.164307,1464.164307,968.241211,693.585571
1627530751.021645,178,1464.164307,1464.164307,968.642151,694.297058
1627530751.054968,179,1464.733276,1464.733276,968.784668,694.553162
1627530751.088291,180,1464.164307,1464.164307,969.099854,693.747009
1627530751.121614,181,1463.595215,1463.595215,969.349304,694.557495
1627530751.154938,182,1462.457275,1462.457275,969.491943,693.688171
1627530751.188261,183,1461.888184,1461.888184,970.179077,694.293396
1627530751.221584,184,1462.457275,1462.457275,969.387512,693.947937
1627530751.254907,185,1463.595215,1463.595215,969.815247,694.391052
1627530751.288230,186,1464.164307,1464.164307,969.584473,694.289734
1627530751.321553,187,1462.457275,1462.457275,970.255127,693.670593
1627530751.354876,188,1464.164307,1464.164307,969.773193,693.496887
1627530751.388200,189,1463.026245,1463.026245,969.124817,694.668762
1627530751.421522,190,1461.888184,1461.888184,969.238708,694.499329
1627530751.454846,191,1461.888184,1461.888184,969.239075,694.442871
1627530751.488169,192,1461.319092,1461.319092,968.860840,694.062012
1627530751.521492,193,1463.595215,1463.595215,968.530884,694.239563
1627530751.554815,194,1463.595215,1463.595215,967.789185,694.787354
1627530751.588138,195,1461.888184,1461.888184,967.529541,694.032776
1627530751.621462,196,1463.026245,1463.026245,967.504150,694.047241
1627530751.654785,197,1464.733276,1464.733276,967.782837,692.929504
1627530751.688108,198,1465.302368,1465.302368,966.549438,694.139954
1627530751.721431,199,1465.302368,1465.302368,966.933167,693.675232
1627530751.754754,200,1466.440552,1466.440552,965.973877,693.696472
1627530751.788077,201,1465.871460,1465.871460,966.112732,693.929138
1627530751.821400,202,1465.302368,1465.302368,966.115723,693.555664
1627530751.854723,203,1464.164307,1464.164307,965.827393,694.020691
1627530751.888047,204,1463.595215,1463.595215,965.387268,693.866211
1627530751.921370,205,1464.164307,1464.164307,965.656006,693.593872
1627530751.954693,206,1464.733276,1464.733276,965.389954,693.918030
1627530751.988016,207,1464.164307,1464.164307,965.369995,694.112061
1627530752.021339,208,1464.733276,1464.733276,965.976562,693.554016
1627530752.054662,209,1465.302368,1465.302368,965.166077,694.087463
1627530752.087986,210,1463.595215,1463.595215,965.219177,693.463013
1627530752.121309,211,1464.164307,1464.164307,965.569275,693.526978
1627530752.154632,212,1464.164307,1464.164307,964.960083,694.354858
1627530752.187955,213,1463.595215,1463.595215,964.829590,693.857605
1627530752.221278,214,1462.457275,1462.457275,965.348755,693.562866
1627530752.254601,215,1464.164307,1464.164307,965.611511,696.104004
1627530752.287925,216,1465.302368,1465.302368,964.840210,693.871887
1627530752.321248,217,1464.164307,1464.164307,964.785828,693.861816
1627530752.354571,218,1462.457275,1462.457275,964.771118,694.778381
1627530752.387894,219,1463.595215,1463.595215,963.963623,694.276123
1627530752.421217,220,1462.457275,1462.457275,964.167542,693.383911
1627530752.454540,221,1459.611938,1459.611938,964.205078,693.751282
1627530752.487863,222,1459.042847,1459.042847,963.725769,693.435730
1627530752.521187,223,1460.181030,1460.181030,963.524475,694.153198
1627530752.554510,224,1460.181030,1460.181030,963.188660,694.609253
1627530752.587833,225,1461.888184,1461.888184,963.067749,692.807617
1627530752.621156,226,1463.026245,1463.026245,962.515137,693.144775
1627530752.654479,227,1462.457275,1462.457275,962.448608,692.860413
1627530752.687802,228,1462.457275,1462.457275,962.102173,693.297241
1627530752.721125,229,1463.595215,1463.595215,961.166992,693.399414
1627530752.754449,230,1464.164307,1464.164307,961.216614,692.813965
1627530752.787772,231,1463.026245,1463.026245,961.055176,692.892639
1627530752.821095,232,1462.457275,1462.457275,960.309143,693.907776
1627530752.854418,233,1463.026245,1463.026245,960.211731,693.221375
1627530752.887741,234,1462.457275,1462.457275,960.537354,692.902649
1627530752.921064,235,1462.457275,1462.457275,959.938110,693.394897
1627530752.954387,236,1464.164307,1464.164307,960.382202,693.544678
1627530752.987711,237,1464.733276,1464.733276,960.218445,693.624084
1627530753.021034,238,1463.595215,1463.595215,960.442688,693.483887
1627530753.054357,239,1463.595215,1463.595215,960.312256,693.998230
1627530753.087680,240,1462.457275,1462.457275,961.063843,693.431091
1627530753.121003,241,1463.026245,1463.026245,960.890747,693.061401
1627530753.154326,242,1464.164307,1464.164307,961.286133,694.005737
1627530753.187650,243,1464.733276,1464.733276,961.549438,693.336426
1627530753.220973,244,1463.595215,1463.595215,961.994202,694.063232
1627530753.254296,245,1464.164307,1464.164307,962.149353,694.163879
1627530753.287619,246,1464.733276,1464.733276,962.679138,693.940979
1627530753.320942,247,1464.164307,1464.164307,963.341797,693.987793
1627530753.354265,248,1465.302368,1465.302368,963.684387,694.288757
1627530753.387589,249,1466.440552,1466.440552,964.145630,693.512817
1627530753.420911,250,1465.871460,1465.871460,964.848816,693.290588
1627530753.454235,251,1464.733276,1464.733276,964.814636,693.985168
1627530753.487558,252,1465.302368,1465.302368,964.717651,694.542542
1627530753.520881,253,1464.733276,1464.733276,965.635071,693.040466
1627530753.554204,254,1465.302368,1465.302368,965.918091,693.326782
1627530753.587527,255,1464.733276,1464.733276,966.174255,694.137268
1627530753.620850,256,1463.595215,1463.595215,966.773376,692.836182
1627530753.654174,257,1463.026245,1463.026245,967.125183,692.739502
1627530753.687497,258,1463.595215,1463.595215,966.770874,693.535828
1627530753.720820,259,1462.457275,1462.457275,967.510498,693.181641
1627530753.754143,260,1463.026245,1463.026245,967.463318,692.684692
1627530753.787466,261,1464.733276,1464.733276,967.238525,693.634155
1627530753.820789,262,1461.888184,1461.888184,967.929321,692.929504
1627530753.854112,263,1463.026245,1463.026245,967.626038,692.260864
1627530753.887436,264,1465.302368,1465.302368,967.649963,691.917114
1627530753.920759,265,1463.026245,1463.026245,967.592529,691.949341
1627530753.954082,266,1464.164307,1464.164307,967.417480,691.522156
1627530753.987405,267,1464.733276,1464.733276,966.954224,691.779358
1627530754.020728,268,1463.595215,1463.595215,966.621277,690.693726
1627530754.054051,269,1463.026245,1463.026245,966.831543,690.510681
1627530754.087375,270,1463.595215,1463.595215,967.020203,689.803223
1627530754.120697,271,1466.440552,1466.440552,965.736694,690.409058
1627530754.154021,272,1464.164307,1464.164307,966.958069,688.115479
1627530754.187344,273,1464.733276,1464.733276,965.289612,689.747742
1627530754.220667,274,1465.302368,1465.302368,965.009521,690.649109
1627530754.253990,275,1463.026245,1463.026245,965.282959,690.470825
1627530754.287313,276,1464.164307,1464.164307,964.969421,690.214111
1627530754.320637,277,1466.440552,1466.440552,964.908936,690.328003
1627530754.353960,278,1465.302368,1465.302368,963.867310,692.702332
1627530754.387283,279,1465.302368,1465.302368,964.966064,690.270874
1627530754.420606,280,1464.733276,1464.733276,964.331909,692.251892
1627530754.453929,281,1465.871460,1465.871460,963.950684,692.760437
1627530754.487252,282,1466.440552,1466.440552,964.263550,692.011108
1627530754.520575,283,1465.871460,1465.871460,963.169312,694.342773
1627530754.553899,284,1465.871460,1465.871460,964.121399,693.130493
1627530754.587222,285,1467.578613,1467.578613,963.900513,693.866211
1627530754.620545,286,1467.578613,1467.578613,963.851379,693.762146
1627530754.653868,287,1466.440552,1466.440552,963.891235,694.249573
1627530754.687191,288,1465.302368,1465.302368,963.470703,695.507812
1627530754.720514,289,1461.888184,1461.888184,964.607788,695.033264
1627530754.753837,290,1465.302368,1465.302368,963.364075,695.932617
1627530754.787160,291,1468.147705,1468.147705,963.857971,696.831116
1627530754.820484,292,1466.440552,1466.440552,963.771301,697.581482
1627530754.853807,293,1466.440552,1466.440552,963.819031,697.619690
1627530754.887130,294,1465.871460,1465.871460,964.874756,695.433716
1627530754.920453,295,1464.733276,1464.733276,964.340637,697.811646
1627530754.953776,296,1466.440552,1466.440552,963.100647,700.526367
1627530754.987099,297,1462.457275,1462.457275,964.782410,696.481018
1627530755.020422,298,1462.457275,1462.457275,964.474182,696.365112
1627530755.053746,299,1467.009521,1467.009521,963.719360,700.625549
1627530755.087069,300,1466.440552,1466.440552,964.042358,697.625671
1627530755.120392,301,1463.595215,1463.595215,964.752502,696.395996
1627530755.153715,302,1464.733276,1464.733276,964.475403,698.757874
1627530755.187038,303,1464.733276,1464.733276,963.312927,696.045227
1627530755.220361,304,1463.026245,1463.026245,964.515686,696.521912
1627530755.253685,305,1464.733276,1464.733276,964.682190,695.033691
1627530755.287008,306,1467.009521,1467.009521,963.788879,696.106018
1627530755.320331,307,1466.440552,1466.440552,964.055969,697.498108
1627530755.353654,308,1465.302368,1465.302368,965.824829,691.620361
1627530755.386977,309,1466.440552,1466.440552,963.928772,694.731201
1627530755.420300,310,1464.164307,1464.164307,964.100830,694.731873
1627530755.453623,311,1463.026245,1463.026245,964.673767,693.898132
1627530755.486946,312,1464.733276,1464.733276,964.748657,692.443665
1627530755.520270,313,1465.302368,1465.302368,964.104797,693.668274
1627530755.553592,314,1463.595215,1463.595215,963.798523,693.409851
1627530755.586916,315,1463.595215,1463.595215,963.945679,692.304626
1627530755.620239,316,1463.595215,1463.595215,963.680603,692.841858
1627530755.653562,317,1463.595215,1463.595215,963.614502,693.053772
1627530755.686885,318,1463.026245,1463.026245,963.780945,692.246155
1627530755.720208,319,1459.611938,1459.611938,963.957642,692.742859
1627530755.753531,320,1464.733276,1464.733276,963.685242,692.983337
1627530755.786855,321,1465.871460,1465.871460,964.425781,689.755371
1627530755.820178,322,1461.319092,1461.319092,963.996155,692.388428
1627530755.853501,323,1461.888184,1461.888184,963.357117,692.950806
1627530755.886824,324,1461.888184,1461.888184,964.565735,693.139893
1627530755.920147,325,1460.750000,1460.750000,963.546753,692.158264
1627530755.953470,326,1463.595215,1463.595215,963.065796,692.268494
1627530755.986794,327,1463.026245,1463.026245,963.405823,691.637634
1627530756.020117,328,1460.750000,1460.750000,963.548401,690.867126
1627530756.053440,329,1457.335693,1457.335693,963.763672,690.540955
1627530756.086763,330,1455.628662,1455.628662,963.635681,690.349731
1627530756.120086,331,1455.628662,1455.628662,963.664978,690.071228
1627530756.153409,332,1460.181030,1460.181030,963.381653,689.518188
1627530756.186733,333,1460.750000,1460.750000,963.897217,689.394287
1627530756.220056,334,1460.750000,1460.750000,963.896057,687.896118
1627530756.253379,335,1464.733276,1464.733276,964.241638,688.349304
1627530756.286702,336,1464.733276,1464.733276,964.196106,688.193542
1627530756.320025,337,1463.026245,1463.026245,964.438171,686.577209
1627530756.353348,338,1465.302368,1465.302368,963.958984,688.262634
1627530756.386671,339,1464.164307,1464.164307,964.466858,686.946899
1627530756.436656,340,1461.888184,1461.888184,964.529297,685.428284
1627530756.469979,341,1464.733276,1464.733276,964.064392,688.825745
1627530756.503302,342,1460.181030,1460.181030,964.186157,688.644958
1627530756.536625,343,1462.457275,1462.457275,963.132568,689.248474
1627530756.569948,344,1464.164307,1464.164307,964.512146,690.171265
1627530756.603271,345,1464.164307,1464.164307,964.981018,690.354248
1627530756.636595,346,1467.009521,1467.009521,964.057983,690.051331
1627530756.669918,347,1465.302368,1465.302368,965.509521,691.219971
1627530756.703241,348,1463.026245,1463.026245,964.598389,692.663147
1627530756.736564,349,1468.147705,1468.147705,964.411072,693.386902
1627530756.769887,350,1463.595215,1463.595215,964.604248,694.162537
1627530756.803210,351,1464.164307,1464.164307,964.438965,694.109680
1627530756.836534,352,1464.733276,1464.733276,964.901001,694.070496
1627530756.869857,353,1464.733276,1464.733276,964.574463,693.969849
1627530756.903180,354,1466.440552,1466.440552,964.343811,694.993835
1627530756.936503,355,1467.578613,1467.578613,964.969055,696.114990
1627530756.969826,356,1464.164307,1464.164307,965.462341,694.302002
1627530757.003149,357,1463.026245,1463.026245,964.775208,696.319824
1627530757.036473,358,1464.164307,1464.164307,965.278687,696.981567
1627530757.069796,359,1465.302368,1465.302368,965.275024,695.407166
1627530757.103119,360,1464.733276,1464.733276,965.550232,695.910156
1627530757.136442,361,1465.871460,1465.871460,964.792725,698.070740
1627530757.169765,362,1463.026245,1463.026245,965.543091,696.685303
1627530757.203088,363,1466.440552,1466.440552,965.489563,695.816284
1627530757.236411,364,1468.716797,1468.716797,964.844177,696.894592
1627530757.269735,365,1465.302368,1465.302368,964.720642,698.084412
1627530757.303057,366,1462.457275,1462.457275,965.428894,696.570923
1627530757.336380,367,1464.164307,1464.164307,965.174683,696.711548
1627530757.369704,368,1465.871460,1465.871460,965.194275,696.258484
1627530757.403027,369,1468.147705,1468.147705,964.540466,698.760132
1627530757.436350,370,1467.009521,1467.009521,965.918762,695.952209
1627530757.469673,371,1468.716797,1468.716797,964.860107,695.817383
1627530757.502996,372,1464.733276,1464.733276,964.768127,697.120117
1627530757.536319,373,1460.181030,1460.181030,964.381042,698.056396
1627530757.569643,374,1461.319092,1461.319092,964.539246,697.131104
1627530757.602966,375,1464.733276,1464.733276,964.950134,696.709900
1627530757.636289,376,1465.302368,1465.302368,964.975403,698.630371
1627530757.669612,377,1465.871460,1465.871460,964.606995,696.566040
1627530757.702935,378,1464.733276,1464.733276,965.299927,698.102295
1627530757.736258,379,1466.440552,1466.440552,963.415527,698.373047
1627530757.769581,380,1463.026245,1463.026245,964.985352,696.071777
1627530757.802904,381,1461.888184,1461.888184,964.752502,697.572876
1627530757.836227,382,1469.285767,1469.285767,964.350952,696.849060
1627530757.869551,383,1467.578613,1467.578613,965.040161,695.577515
1627530757.902874,384,1465.302368,1465.302368,965.080017,696.200317
1627530757.936197,385,1466.440552,1466.440552,964.722961,694.524780
1627530757.969520,386,1467.578613,1467.578613,964.574158,695.417786
1627530758.002843,387,1467.578613,1467.578613,964.366882,695.742615
1627530758.036166,388,1466.440552,1466.440552,964.679565,694.032776
1627530758.069489,389,1465.302368,1465.302368,964.560852,693.715088
1627530758.102813,390,1464.733276,1464.733276,963.669312,695.480896
1627530758.136136,391,1465.302368,1465.302368,963.569214,693.059753
1627530758.169459,392,1463.026245,1463.026245,964.376526,692.791016
1627530758.202782,393,1463.595215,1463.595215,964.111755,692.916260
1627530758.236105,394,1465.302368,1465.302368,963.149475,693.973511
1627530758.269428,395,1465.871460,1465.871460,963.481995,693.494202
1627530758.302752,396,1465.871460,1465.871460,963.763000,692.120361
1627530758.336075,397,1464.733276,1464.733276,962.920288,693.176636
1627530758.369398,398,1463.595215,1463.595215,963.710510,691.206238
1627530758.402721,399,1467.009521,1467.009521,963.603577,691.366699
1627530758.436044,400,1466.440552,1466.440552,963.263733,691.222900
1627530758.469367,401,1461.888184,1461.888184,962.847778,692.503906
1627530758.502690,402,1461.319092,1461.319092,962.676514,691.372009
1627530758.536013,403,1463.026245,1463.026245,963.072083,690.538635
1627530758.569337,404,1462.457275,1462.457275,962.426575,691.403320
1627530758.602660,405,1460.750000,1460.750000,963.165100,689.417908
1627530758.635982,406,1459.611938,1459.611938,963.501221,689.136902
1627530758.669306,407,1460.181030,1460.181030,962.911133,690.611938
1627530758.702629,408,1460.181030,1460.181030,963.770630,688.060669
1627530758.735952,409,1461.319092,1461.319092,964.216736,688.007874
1627530758.769275,410,1463.595215,1463.595215,962.446045,689.815613
1627530758.802598,411,1459.611938,1459.611938,964.262207,685.384094
1627530758.835922,412,1460.181030,1460.181030,963.294983,688.369263
1627530758.869245,413,1464.733276,1464.733276,963.373901,687.421387
1627530758.902568,414,1461.888184,1461.888184,965.456787,683.710449
1627530758.935891,415,1465.302368,1465.302368,964.355896,685.968018
1627530758.969214,416,1470.992798,1470.992798,964.000793,684.677246
1627530759.002537,417,1457.335693,1457.335693,965.597656,683.804321
1627530759.035860,418,1462.457275,1462.457275,963.847046,686.658264
1627530759.069184,419,1463.026245,1463.026245,965.780579,685.212708
1627530759.102507,420,1457.904785,1457.904785,967.063599,685.914246
1627530759.135830,421,1468.716797,1468.716797,964.940491,687.860352
1627530759.169153,422,1463.026245,1463.026245,965.684875,685.623596
1627530759.202476,423,1457.335693,1457.335693,967.283691,687.182617
1627530759.235799,424,1470.992798,1470.992798,965.536743,691.638062
1627530759.269122,425,1465.302368,1465.302368,966.855469,686.498474
1627530759.302445,426,1462.457275,1462.457275,966.913025,688.694641
1627530759.335768,427,1473.269043,1473.269043,965.364685,693.382935
1627530759.369092,428,1463.595215,1463.595215,967.503479,689.169067
1627530759.402415,429,1461.888184,1461.888184,966.116272,693.170898
1627530759.435738,430,1467.578613,1467.578613,965.685547,693.268982
1627530759.469061,431,1463.595215,1463.595215,966.089111,693.441040
1627530759.502384,432,1462.457275,1462.457275,966.525513,693.136780
1627530759.535707,433,1465.302368,1465.302368,964.986023,697.135376
1627530759.569030,434,1463.595215,1463.595215,964.846497,696.991882
1627530759.602354,435,1463.595215,1463.595215,965.571960,695.054382
1627530759.635677,436,1464.733276,1464.733276,965.894836,698.277344
1627530759.669000,437,1465.871460,1465.871460,965.034851,698.199951
1627530759.702323,438,1467.578613,1467.578613,965.130188,696.868347
1627530759.735646,439,1466.440552,1466.440552,965.420471,696.345032
1627530759.768969,440,1468.716797,1468.716797,964.545593,699.232666
1627530759.802292,441,1468.147705,1468.147705,964.431641,699.175232
1627530759.835615,442,1463.026245,1463.026245,964.996216,698.346008
1627530759.868939,443,1465.871460,1465.871460,963.605225,700.018921
1627530759.902262,444,1468.716797,1468.716797,964.167542,700.875549
1627530759.935585,445,1463.026245,1463.026245,964.021851,698.262756
1627530759.968908,446,1464.733276,1464.733276,964.449890,699.911255
1627530760.002231,447,1469.285767,1469.285767,963.185364,702.414124
1627530760.035554,448,1464.164307,1464.164307,963.922668,699.775208
1627530760.068877,449,1463.595215,1463.595215,963.562378,702.358337
1627530760.102201,450,1465.302368,1465.302368,962.250977,702.249390
1627530760.135524,451,1464.164307,1464.164307,963.683472,700.245972
1627530760.168847,452,1460.750000,1460.750000,964.597046,701.201721
1627530760.202169,453,1468.716797,1468.716797,962.844238,698.922119
1627530760.235493,454,1463.595215,1463.595215,964.503723,699.798706
1627530760.268816,455,1463.026245,1463.026245,964.600281,697.642273
1627530760.302139,456,1467.009521,1467.009521,964.466187,697.969482
1627530760.335462,457,1463.595215,1463.595215,964.375854,696.748413
1627530760.368786,458,1461.319092,1461.319092,965.534302,695.133301
1627530760.402109,459,1465.871460,1465.871460,964.869080,694.326599
1627530760.435431,460,1467.009521,1467.009521,965.419495,693.622437
1627530760.468755,461,1463.026245,1463.026245,965.201294,694.166931
1627530760.502078,462,1465.302368,1465.302368,964.744202,692.821899
1627530760.535401,463,1463.595215,1463.595215,965.174011,693.221497
1627530760.568724,464,1463.026245,1463.026245,965.355408,690.575134
1627530760.602047,465,1465.302368,1465.302368,965.844360,690.248657
1627530760.635370,466,1464.164307,1464.164307,965.957275,690.021790
1627530760.668694,467,1464.733276,1464.733276,965.539185,690.425476
1627530760.702017,468,1464.164307,1464.164307,965.907471,689.213257
1627530760.735340,469,1464.164307,1464.164307,965.556030,690.543945
1627530760.768663,470,1463.595215,1463.595215,965.125977,690.043701
1627530760.801986,471,1463.595215,1463.595215,966.651184,687.516235
1627530760.835309,472,1461.319092,1461.319092,966.657166,686.338745
1627530760.868633,473,1461.319092,1461.319092,965.989624,687.685303
1627530760.901956,474,1462.457275,1462.457275,966.202759,686.023499
1627530760.935279,475,1461.319092,1461.319092,967.127502,685.348572
1627530760.968602,476,1463.595215,1463.595215,966.633911,685.672424
1627530761.001925,477,1465.302368,1465.302368,966.191528,686.440796
1627530761.035248,478,1459.042847,1459.042847,967.823059,684.218872
1627530761.068571,479,1463.026245,1463.026245,966.731873,686.949219
1627530761.101894,480,1461.888184,1461.888184,967.028625,687.050232
1627530761.135217,481,1461.888184,1461.888184,967.429443,686.188232
1627530761.168540,482,1467.578613,1467.578613,966.439880,689.671997
1627530761.201864,483,1466.440552,1466.440552,967.096375,689.303162
1627530761.235187,484,1464.733276,1464.733276,966.878052,689.575317
1627530761.268510,485,1468.716797,1468.716797,966.813599,690.952148
1627530761.301833,486,1469.854858,1469.854858,966.795654,691.817444
1627530761.335156,487,1468.147705,1468.147705,966.531921,692.183838
1627530761.368479,488,1467.578613,1467.578613,966.304077,694.564758
1627530761.401802,489,1465.871460,1465.871460,966.309814,694.686890
1627530761.435126,490,1467.578613,1467.578613,965.909119,695.738953
1627530761.468449,491,1467.578613,1467.578613,965.452026,696.515564
1627530761.501771,492,1468.147705,1468.147705,965.083008,697.988159
1627530761.535095,493,1467.578613,1467.578613,965.152100,697.307434
1627530761.568418,494,1466.440552,1466.440552,965.103943,697.845581
1627530761.601741,495,1469.285767,1469.285767,964.943970,697.438965
1627530761.635064,496,1469.285767,1469.285767,965.132202,697.667542
1627530761.668387,497,1467.578613,1467.578613,965.140503,697.662231
1627530761.701710,498,1469.854858,1469.854858,965.197266,696.684326
1627530761.735034,499,1472.130981,1472.130981,964.513489,696.453125
1627530761.768357,500,1469.285767,1469.285767,965.136841,695.138428
1627530761.801680,501,1467.009521,1467.009521,964.065247,696.859680
1627530761.835003,502,1465.871460,1465.871460,964.544495,694.446411
1627530761.868326,503,1465.302368,1465.302368,964.604675,694.111389
1627530761.901649,504,1467.578613,1467.578613,965.388245,694.430237
1627530761.934973,505,1469.285767,1469.285767,963.985107,693.706360
1627530761.968296,506,1467.009521,1467.009521,964.470520,693.841980
1627530762.001619,507,1463.026245,1463.026245,965.490601,692.529297
1627530762.034942,508,1462.457275,1462.457275,963.985535,692.305054
1627530762.068265,509,1460.750000,1460.750000,964.502075,692.903625
1627530762.101588,510,1463.026245,1463.026245,963.909790,693.069702
1627530762.134911,511,1462.457275,1462.457275,963.820801,692.700989
1627530762.168234,512,1460.750000,1460.750000,963.824097,693.735046
1627530762.201557,513,1461.888184,1461.888184,964.453247,692.350220
1627530762.234880,514,1460.750000,1460.750000,963.796875,693.531433
1627530762.268204,515,1459.042847,1459.042847,963.762634,692.854126
1627530762.301527,516,1458.473877,1458.473877,963.714844,693.477295
1627530762.334850,517,1459.611938,1459.611938,963.363708,693.745300
1627530762.368173,518,1460.181030,1460.181030,963.385437,693.301086
1627530762.401496,519,1457.335693,1457.335693,963.259460,694.055908
1627530762.434819,520,1455.628662,1455.628662,963.552063,694.567444
1627530762.468143,521,1456.197632,1456.197632,963.781372,692.451233
1627530762.501466,522,1454.490479,1454.490479,963.619141,694.156189
1627530762.534789,523,1452.214355,1452.214355,963.774597,693.545715
1627530762.568112,524,1454.490479,1454.490479,963.844238,694.380005
1627530762.601435,525,1455.628662,1455.628662,963.989502,693.407532
1627530762.634758,526,1455.059570,1455.059570,963.987183,694.414307
1627530762.668081,527,1455.628662,1455.628662,963.196350,695.528381
1627530762.701404,528,1454.490479,1454.490479,964.485779,693.708435
1627530762.734727,529,1454.490479,1454.490479,965.080688,692.620605
1627530762.768050,530,1457.904785,1457.904785,963.680420,694.153687
1627530762.801373,531,1456.197632,1456.197632,965.128540,695.061340
1627530762.834697,532,1458.473877,1458.473877,964.628967,693.270996
1627530762.868020,533,1463.595215,1463.595215,964.695496,693.765686
1627530762.901343,534,1463.026245,1463.026245,964.645569,696.196045
1627530762.934666,535,1459.042847,1459.042847,965.751343,693.336792
1627530762.967989,536,1460.750000,1460.750000,965.129089,695.129333
1627530763.001312,537,1462.457275,1462.457275,965.565308,694.150574
1627530763.034635,538,1466.440552,1466.440552,964.233032,694.831848
1627530763.067958,539,1464.164307,1464.164307,965.700195,695.040771
1627530763.101282,540,1464.164307,1464.164307,965.295166,693.808655
1627530763.134605,541,1463.026245,1463.026245,965.518127,694.769409
1627530763.167928,542,1464.733276,1464.733276,965.001648,695.290527
1627530763.201251,543,1468.147705,1468.147705,965.107361,694.602722
1627530763.234574,544,1468.147705,1468.147705,965.432434,694.359192
1627530763.267897,545,1468.147705,1468.147705,965.715454,694.560120
1627530763.301221,546,1468.147705,1468.147705,965.401917,695.872070
1627530763.334543,547,1467.578613,1467.578613,965.607849,694.871338
1627530763.367867,548,1467.578613,1467.578613,965.773254,694.560425
1627530763.401190,549,1467.009521,1467.009521,965.602966,695.174072
1627530763.434513,550,1467.578613,1467.578613,965.341431,694.826538
1627530763.467836,551,1467.578613,1467.578613,965.377625,694.330566
1627530763.501159,552,1468.716797,1468.716797,965.053772,694.924316
1627530763.534482,553,1468.147705,1468.147705,965.259399,693.819092
1627530763.567806,554,1469.854858,1469.854858,964.641235,694.325623
1627530763.601129,555,1469.854858,1469.854858,964.752625,695.224976
1627530763.634452,556,1469.285767,1469.285767,964.927917,693.406189
1627530763.667775,557,1469.285767,1469.285767,964.816284,693.490540
1627530763.701098,558,1470.423828,1470.423828,964.463501,693.615479
1627530763.734421,559,1470.423828,1470.423828,964.386780,694.409668
1627530763.767744,560,1470.423828,1470.423828,964.224060,693.628052
1627530763.801067,561,1469.285767,1469.285767,963.867981,692.986633
1627530763.834390,562,1467.578613,1467.578613,963.749512,693.836121
1627530763.867714,563,1470.992798,1470.992798,963.986511,693.895813
1627530763.901037,564,1472.130981,1472.130981,964.022766,692.365173
1627530763.934360,565,1470.423828,1470.423828,963.851807,693.611572
1627530763.967683,566,1471.561890,1471.561890,963.289673,693.422791
1627530764.001006,567,1469.285767,1469.285767,964.210083,692.408020
1627530764.034329,568,1468.147705,1468.147705,963.714050,692.759033
1627530764.067652,569,1465.871460,1465.871460,963.872253,693.071350
1627530764.100975,570,1466.440552,1466.440552,963.570312,692.402405
1627530764.134299,571,1465.302368,1465.302368,964.227356,690.946289
1627530764.167622,572,1466.440552,1466.440552,963.359741,693.790527
1627530764.200945,573,1468.716797,1468.716797,963.837402,691.525818
1627530764.234268,574,1465.871460,1465.871460,964.085205,692.004333
1627530764.267591,575,1458.473877,1458.473877,963.699219,694.981323
1627530764.300914,576,1463.595215,1463.595215,964.233337,691.994812
1627530764.334237,577,1462.457275,1462.457275,964.141907,691.265625
1627530764.367561,578,1456.766602,1456.766602,964.678467,694.221985
1627530764.400884,579,1460.181030,1460.181030,963.966614,693.962585
1627530764.434206,580,1460.750000,1460.750000,965.478638,691.053162
1627530764.467530,581,1461.319092,1461.319092,963.493958,695.250671
1627530764.500853,582,1461.319092,1461.319092,964.645569,693.301880
1627530764.534176,583,1459.611938,1459.611938,965.437073,692.186829
1627530764.567499,584,1458.473877,1458.473877,964.532959,693.592529
1627530764.600822,585,1459.042847,1459.042847,964.792725,693.415466
1627530764.634145,586,1458.473877,1458.473877,964.612976,692.364502
1627530764.667469,587,1453.921509,1453.921509,964.357544,693.665588
1627530764.700792,588,1453.921509,1453.921509,964.161255,693.606812
1627530764.734115,589,1453.921509,1453.921509,964.536255,694.573730
1627530764.767438,590,1457.904785,1457.904785,964.213196,693.193481
1627530764.800761,591,1454.490479,1454.490479,964.513000,693.907410
1627530764.834084,592,1450.507080,1450.507080,964.737549,692.915222
1627530764.867408,593,1451.076172,1451.076172,963.985535,695.079285
1627530764.900731,594,1450.507080,1450.507080,964.666504,694.133972
1627530764.934054,595,1452.783325,1452.783325,965.469971,692.112427
1627530764.967377,596,1454.490479,1454.490479,964.819031,693.234253
1627530765.000700,597,1453.921509,1453.921509,963.804199,694.455505
1627530765.034023,598,1454.490479,1454.490479,964.502380,694.148560
1627530765.067346,599,1457.904785,1457.904785,964.417664,692.249268
1627530765.100669,600,1457.904785,1457.904785,963.868652,694.268372
1627530765.133992,601,1459.042847,1459.042847,965.102966,693.360657
1627530765.167315,602,1463.026245,1463.026245,964.519348,693.485596
1627530765.200639,603,1462.457275,1462.457275,964.886353,692.311707
1627530765.250623,604,1459.042847,1459.042847,964.305725,695.084595
1627530765.283946,605,1462.457275,1462.457275,964.900635,693.332092
1627530765.317270,606,1467.578613,1467.578613,965.673950,693.226501
1627530765.350593,607,1467.578613,1467.578613,964.625977,695.204651
1627530765.383916,608,1464.733276,1464.733276,966.510681,693.387573
1627530765.417239,609,1469.854858,1469.854858,965.915771,693.781860
1627530765.450562,610,1470.423828,1470.423828,965.537842,693.358704
1627530765.483885,611,1468.716797,1468.716797,965.259705,694.160522
1627530765.517208,612,1468.147705,1468.147705,965.021545,694.143616
1627530765.550531,613,1469.854858,1469.854858,965.262390,693.640381
1627530765.583854,614,1468.716797,1468.716797,965.057434,693.676208
1627530765.617177,615,1468.716797,1468.716797,964.637939,693.645020
1627530765.650501,616,1471.561890,1471.561890,964.983826,694.224976
1627530765.683823,617,1470.423828,1470.423828,964.553223,694.098389
1627530765.717147,618,1469.285767,1469.285767,964.689758,693.418457
1627530765.750470,619,1469.285767,1469.285767,963.973267,694.945129
1627530765.783793,620,1470.423828,1470.423828,963.603760,694.819763
1627530765.817116,621,1467.009521,1467.009521,963.757019,693.963196
1627530765.850439,622,1467.578613,1467.578613,963.572327,693.863586
1627530765.883762,623,1468.147705,1468.147705,963.617920,693.854736
1627530765.917085,624,1469.854858,1469.854858,962.857849,694.553833
1627530765.950408,625,1468.147705,1468.147705,963.382690,693.279968
1627530765.983732,626,1468.716797,1468.716797,963.684814,693.249756
1627530766.017055,627,1471.561890,1471.561890,962.687805,693.517822
1627530766.050378,628,1469.285767,1469.285767,962.541626,693.870544
1627530766.083701,629,1468.147705,1468.147705,962.531982,693.959656
1627530766.117024,630,1467.009521,1467.009521,962.853516,693.673218
1627530766.150347,631,1464.733276,1464.733276,962.711670,693.075684
1627530766.183670,632,1463.026245,1463.026245,962.613464,693.580139
1627530766.216993,633,1463.026245,1463.026245,963.280701,693.192932
1627530766.250316,634,1463.595215,1463.595215,962.755554,693.004944
1627530766.283639,635,1461.888184,1461.888184,962.648926,693.088074
1627530766.316962,636,1461.319092,1461.319092,963.380371,693.121826
1627530766.350286,637,1463.595215,1463.595215,963.374390,693.094971
1627530766.383609,638,1462.457275,1462.457275,963.005005,693.299805
1627530766.416932,639,1460.750000,1460.750000,963.567322,693.392883
1627530766.450255,640,1462.457275,1462.457275,963.691895,693.607117
1627530766.483578,641,1460.181030,1460.181030,964.224731,692.986328
1627530766.516901,642,1461.888184,1461.888184,964.346069,694.046509
1627530766.550224,643,1465.302368,1465.302368,964.177551,693.512451
1627530766.583547,644,1464.733276,1464.733276,964.427979,693.287292
1627530766.616870,645,1463.595215,1463.595215,964.450989,693.859131
1627530766.650193,646,1463.595215,1463.595215,964.676453,693.785156
1627530766.683517,647,1463.595215,1463.595215,964.746216,693.629089
1627530766.716840,648,1464.164307,1464.164307,965.067505,693.731567
1627530766.750163,649,1463.026245,1463.026245,964.328674,694.221985
1627530766.783486,650,1459.042847,1459.042847,964.626282,693.499512
1627530766.816809,651,1455.628662,1455.628662,964.299561,695.594788
1627530766.850132,652,1454.490479,1454.490479,965.136841,692.677734
1627530766.883455,653,1453.921509,1453.921509,964.676758,694.347900
1627530766.916778,654,1453.352417,1453.352417,964.043091,695.363647
1627530766.950101,655,1474.976196,1474.976196,972.559387,692.657471
1627530766.983424,656,1443.109497,1443.109497,965.037170,690.019775
1627530767.016747,657,1450.507080,1450.507080,963.972229,694.491150
1627530767.050071,658,1464.733276,1464.733276,963.421204,696.115295
1627530767.083394,659,1464.733276,1464.733276,963.892883,694.517273
1627530767.116717,660,1457.335693,1457.335693,964.041687,693.550354
1627530767.150040,661,1454.490479,1454.490479,963.809265,694.719666
1627530767.183363,662,1458.473877,1458.473877,963.341797,695.175964
1627530767.216686,663,1458.473877,1458.473877,963.577332,695.079285
1627530767.250009,664,1457.904785,1457.904785,964.221130,693.911377
1627530767.283332,665,1456.766602,1456.766602,964.104431,694.090088
1627530767.316655,666,1455.628662,1455.628662,964.012756,694.499695
1627530767.349979,667,1455.059570,1455.059570,963.525391,694.698853
1627530767.383301,668,1455.059570,1455.059570,963.969604,694.144592
1627530767.416625,669,1456.197632,1456.197632,963.749695,693.618774
1627530767.449948,670,1457.904785,1457.904785,963.893005,694.627563
1627530767.483271,671,1459.611938,1459.611938,964.392456,694.022705
1627530767.516594,672,1459.611938,1459.611938,964.306091,693.709473
1627530767.549917,673,1459.611938,1459.611938,964.172424,694.724121
1627530767.583240,674,1463.026245,1463.026245,964.095154,694.318970
1627530767.616563,675,1464.733276,1464.733276,963.688232,694.926514
1627530767.649886,676,1464.164307,1464.164307,963.753052,695.064209
1627530767.683210,677,1465.871460,1465.871460,964.372192,694.549133
1627530767.716533,678,1467.578613,1467.578613,964.167542,695.555603
1627530767.749856,679,1468.716797,1468.716797,963.601135,695.783508
1627530767.783179,680,1469.285767,1469.285767,964.159912,695.072998
1627530767.816502,681,1469.854858,1469.854858,963.724792,695.226135
1627530767.849825,682,1472.130981,1472.130981,964.231323,695.827332
1627530767.883148,683,1473.838135,1473.838135,964.450134,695.563782
1627530767.916471,684,1473.269043,1473.269043,964.563843,695.716736
1627530767.949794,685,1472.700073,1472.700073,964.743896,695.249390
1627530767.983117,686,1472.700073,1472.700073,964.308411,696.205994
1627530768.016440,687,1471.561890,1471.561890,964.534302,695.176270
1627530768.049764,688,1468.716797,1468.716797,964.363220,694.436890
1627530768.083087,689,1466.440552,1466.440552,965.040527,695.017761
1627530768.116410,690,1468.716797,1468.716797,965.012573,694.469421
1627530768.149733,691,1468.147705,1468.147705,964.790710,694.808228
1627530768.183056,692,1467.009521,1467.009521,964.785400,693.900757
1627530768.216379,693,1466.440552,1466.440552,964.858154,694.169800
1627530768.249702,694,1464.733276,1464.733276,965.035522,693.249084
1627530768.283026,695,1464.733276,1464.733276,964.972717,693.371521
1627530768.316348,696,1465.302368,1465.302368,965.228516,692.909912
1627530768.349671,697,1465.871460,1465.871460,964.713989,693.600830
1627530768.382995,698,1465.871460,1465.871460,965.239807,692.295776
1627530768.416318,699,1465.302368,1465.302368,965.347412,693.450012
1627530768.449641,700,1466.440552,1466.440552,965.020569,693.234802
1627530768.482964,701,1464.733276,1464.733276,965.296265,692.470459
1627530768.516287,702,1462.457275,1462.457275,965.384644,692.843628
1627530768.549610,703,1461.888184,1461.888184,965.248413,693.901428
1627530768.582933,704,1463.026245,1463.026245,965.367004,693.264343
1627530768.616256,705,1462.457275,1462.457275,965.432434,693.638123
1627530768.649579,706,1461.319092,1461.319092,965.554016,693.307556
1627530768.682902,707,1459.611938,1459.611938,965.280640,693.786865
1627530768.716225,708,1458.473877,1458.473877,965.541382,694.185120
1627530768.749549,709,1458.473877,1458.473877,965.722412,694.201416
1627530768.782872,710,1460.181030,1460.181030,965.846008,694.245239
1627530768.816195,711,1459.042847,1459.042847,965.504211,694.450867
1627530768.849518,712,1457.335693,1457.335693,965.267700,694.665405
1627530768.882841,713,1459.042847,1459.042847,965.249084,694.538208
1627530768.916164,714,1460.181030,1460.181030,964.954590,695.808289
1627530768.949487,715,1459.042847,1459.042847,964.577148,694.816895
1627530768.982810,716,1458.473877,1458.473877,964.140686,695.976440
1627530769.016134,717,1460.181030,1460.181030,964.838562,695.429626
1627530769.049457,718,1462.457275,1462.457275,964.295105,696.787598
1627530769.082780,719,1463.595215,1463.595215,964.874756,696.026611
1627530769.116103,720,1463.026245,1463.026245,964.685730,695.731689
1627530769.149426,721,1460.181030,1460.181030,964.236633,697.396118
1627530769.182749,722,1460.181030,1460.181030,964.197449,697.352600
1627530769.216072,723,1461.319092,1461.319092,964.355591,696.816162
1627530769.249392,724,1461.888184,1461.888184,964.046692,696.955811
1627530769.282718,725,1463.026245,1463.026245,963.385010,698.312256
1627530769.316041,726,1461.888184,1461.888184,963.294617,698.921753
1627530769.349365,727,1463.595215,1463.595215,963.393433,697.348206
1627530769.382688,728,1463.026245,1463.026245,962.706055,699.285828
1627530769.416011,729,1464.164307,1464.164307,962.547302,699.101135
1627530769.449334,730,1462.457275,1462.457275,962.593994,697.890259
1627530769.482657,731,1462.457275,1462.457275,962.237366,698.672668
1627530769.515980,732,1463.026245,1463.026245,962.140686,698.969910
1627530769.549303,733,1463.595215,1463.595215,961.758301,698.772949
1627530769.582626,734,1461.888184,1461.888184,962.038391,698.359070
1627530769.615949,735,1461.888184,1461.888184,962.041748,698.642761
1627530769.649272,736,1463.026245,1463.026245,962.157776,697.414185
1627530769.682596,737,1463.026245,1463.026245,961.989563,697.805725
1627530769.715919,738,1462.457275,1462.457275,961.368408,698.722778
1627530769.749241,739,1461.319092,1461.319092,961.161682,698.389893
1627530769.782565,740,1461.319092,1461.319092,961.832153,697.108826
1627530769.815888,741,1464.164307,1464.164307,961.258484,697.828979
1627530769.849211,742,1465.871460,1465.871460,960.355347,697.822632
1627530769.882534,743,1465.871460,1465.871460,959.783020,698.210510
1627530769.915857,744,1463.026245,1463.026245,960.206848,699.267212
1627530769.949180,745,1459.611938,1459.611938,960.388855,695.735657
1627530769.982503,746,1460.750000,1460.750000,959.711243,699.096680
1627530770.015826,747,1463.595215,1463.595215,960.137085,697.933228
1627530770.049150,748,1461.319092,1461.319092,960.070312,697.890076
1627530770.082473,749,1459.042847,1459.042847,960.208191,697.946106
1627530770.115796,750,1460.181030,1460.181030,960.603760,698.871948
1627530770.149119,751,1464.164307,1464.164307,960.886475,698.549438
1627530770.182442,752,1463.595215,1463.595215,961.655090,697.656860
1627530770.215765,753,1461.319092,1461.319092,962.304810,697.892395
1627530770.249088,754,1461.888184,1461.888184,962.833252,698.760986
1627530770.282411,755,1462.457275,1462.457275,962.737488,698.817688
1627530770.315734,756,1462.457275,1462.457275,963.231506,698.013306
1627530770.349057,757,1462.457275,1462.457275,963.570984,698.298950
1627530770.382381,758,1463.026245,1463.026245,963.708740,698.636108
1627530770.415704,759,1463.595215,1463.595215,964.100159,698.162109
1627530770.465688,760,1463.026245,1463.026245,963.910828,698.727478
1627530770.499012,761,1463.595215,1463.595215,964.009766,698.856323
1627530770.532334,762,1463.026245,1463.026245,963.887878,699.408691
1627530770.565658,763,1462.457275,1462.457275,963.950989,698.505432
1627530770.598981,764,1463.026245,1463.026245,963.268372,699.091858
1627530770.632304,765,1464.164307,1464.164307,963.747070,699.549561
1627530770.665627,766,1463.026245,1463.026245,963.105103,700.201294
1627530770.698950,767,1459.611938,1459.611938,962.845215,699.725586
1627530770.732273,768,1459.611938,1459.611938,962.441284,698.559021
1627530770.765596,769,1460.750000,1460.750000,961.154602,699.466980
1627530770.798919,770,1461.888184,1461.888184,960.755249,699.143677
1627530770.832242,771,1463.026245,1463.026245,961.485352,698.000671
1627530770.865566,772,1462.457275,1462.457275,960.869385,699.333191
1627530770.898889,773,1462.457275,1462.457275,961.084412,699.841187
1627530770.932211,774,1459.042847,1459.042847,960.882141,698.448120
1627530770.965535,775,1457.335693,1457.335693,960.674072,699.158691
1627530770.998858,776,1459.042847,1459.042847,960.265991,699.761475
1627530771.032181,777,1463.026245,1463.026245,960.532349,699.368530
1627530771.065504,778,1463.595215,1463.595215,960.604553,699.218506
1627530771.098827,779,1463.595215,1463.595215,960.412109,700.119873
1627530771.132150,780,1462.457275,1462.457275,960.624390,700.220520
1627530771.165473,781,1460.750000,1460.750000,960.909241,699.294678
1627530771.198797,782,1462.457275,1462.457275,960.687805,700.731384
1627530771.232120,783,1464.733276,1464.733276,960.394165,700.021240
1627530771.265442,784,1464.164307,1464.164307,960.565247,700.192322
1627530771.298766,785,1461.888184,1461.888184,960.883118,700.732727
1627530771.332089,786,1460.181030,1460.181030,960.682190,701.169861
1627530771.365412,787,1459.611938,1459.611938,960.620361,700.346436
1627530771.398735,788,1459.042847,1459.042847,960.740967,700.616699
1627530771.432058,789,1461.888184,1461.888184,960.997742,700.733704
1627530771.465381,790,1463.595215,1463.595215,959.908875,700.485291
1627530771.498704,791,1462.457275,1462.457275,960.568237,701.090576
1627530771.532027,792,1459.611938,1459.611938,960.577881,699.069885
1627530771.565351,793,1460.750000,1460.750000,959.844116,700.298950
1627530771.598673,794,1464.164307,1464.164307,959.602722,700.383301
1627530771.631996,795,1464.733276,1464.733276,960.046082,698.940369
1627530771.665320,796,1462.457275,1462.457275,959.935486,700.001953
1627530771.698643,797,1464.164307,1464.164307,960.185608,700.520142
1627530771.731966,798,1461.888184,1461.888184,960.445984,698.885254
1627530771.765289,799,1461.319092,1461.319092,960.055725,700.513184
1627530771.798612,800,1462.457275,1462.457275,960.407471,699.878418
1627530771.831935,801,1464.164307,1464.164307,961.344177,699.119751
1627530771.865258,802,1464.733276,1464.733276,961.513550,699.405396
1627530771.898581,803,1464.733276,1464.733276,961.850403,699.294128
1627530771.931905,804,1463.026245,1463.026245,961.911499,698.736633
1627530771.965227,805,1463.026245,1463.026245,961.970642,698.571350
1627530771.998550,806,1463.026245,1463.026245,962.087891,698.969238
1627530772.031874,807,1462.457275,1462.457275,962.237061,699.248596
1627530772.065197,808,1461.888184,1461.888184,962.127075,698.330505
1627530772.098520,809,1463.595215,1463.595215,962.309448,698.829102
1627530772.131843,810,1463.595215,1463.595215,962.078918,698.757019
1627530772.165166,811,1461.319092,1461.319092,960.879456,698.817810
1627530772.198489,812,1461.319092,1461.319092,962.188538,698.926758
1627530772.231812,813,1463.026245,1463.026245,961.449585,699.622437
1627530772.265136,814,1459.611938,1459.611938,961.137878,698.903809
1627530772.298459,815,1459.611938,1459.611938,960.933289,698.136536
1627530772.331781,816,1459.611938,1459.611938,960.110291,699.723389
1627530772.365105,817,1464.164307,1464.164307,959.885315,698.243835
1627530772.398428,818,1466.440552,1466.440552,960.380249,699.170227
1627530772.431751,819,1465.302368,1465.302368,960.145752,698.875732
1627530772.465074,820,1463.026245,1463.026245,960.481201,698.588623
1627530772.498397,821,1462.457275,1462.457275,959.802246,699.334290
1627530772.531720,822,1462.457275,1462.457275,959.944214,698.513000
1627530772.565043,823,1464.733276,1464.733276,959.802246,699.817932
1627530772.598366,824,1463.595215,1463.595215,960.132080,698.941040
1627530772.631690,825,1461.888184,1461.888184,959.546814,699.020447
1627530772.665013,826,1461.888184,1461.888184,960.038086,700.328796
1627530772.698336,827,1461.888184,1461.888184,960.210144,699.266907
1627530772.731659,828,1461.888184,1461.888184,959.690002,699.248596
1627530772.764982,829,1460.181030,1460.181030,960.358765,700.236267
1627530772.798305,830,1459.611938,1459.611938,959.883667,699.830261
1627530772.831628,831,1460.750000,1460.750000,960.057678,699.250610
1627530772.864951,832,1460.181030,1460.181030,960.133789,700.196838
1627530772.898274,833,1461.888184,1461.888184,960.396179,699.679443
1627530772.931597,834,1460.181030,1460.181030,959.895935,698.554382
1627530772.964921,835,1462.457275,1462.457275,959.419861,700.495361
1627530772.998244,836,1462.457275,1462.457275,959.169800,699.486145
1627530773.031567,837,1463.595215,1463.595215,959.361511,699.204468
1627530773.064890,838,1463.595215,1463.595215,959.050903,699.376587
1627530773.098213,839,1467.009521,1467.009521,958.615112,701.214355
1627530773.131536,840,1464.164307,1464.164307,958.331787,697.665161
1627530773.164859,841,1460.750000,1460.750000,958.300659,698.803101
1627530773.198182,842,1461.319092,1461.319092,958.086304,698.924072
1627530773.231505,843,1463.026245,1463.026245,958.517456,698.914795
1627530773.264828,844,1463.595215,1463.595215,958.379944,699.310730
1627530773.298151,845,1464.733276,1464.733276,958.284729,699.957703
1627530773.331474,846,1464.733276,1464.733276,959.250549,698.282715
1627530773.364798,847,1466.440552,1466.440552,959.234924,698.382019
1627530773.398120,848,1466.440552,1466.440552,959.267456,699.380127
1627530773.431443,849,1463.595215,1463.595215,959.339905,698.481323
1627530773.464767,850,1462.457275,1462.457275,959.231934,698.621521
1627530773.498090,851,1464.164307,1464.164307,959.352966,699.795593
1627530773.531413,852,1464.733276,1464.733276,959.373779,699.275879
1627530773.564736,853,1463.595215,1463.595215,959.339539,698.339172
1627530773.598059,854,1463.595215,1463.595215,958.888794,700.113586
1627530773.631382,855,1463.595215,1463.595215,958.948914,698.818481
1627530773.664705,856,1462.457275,1462.457275,959.202698,698.564697
1627530773.698028,857,1460.750000,1460.750000,958.878174,698.485535
1627530773.731351,858,1459.611938,1459.611938,958.937988,699.497742
1627530773.764675,859,1460.181030,1460.181030,958.388245,699.337646
1627530773.797998,860,1461.319092,1461.319092,957.903870,698.554626
1627530773.831321,861,1463.026245,1463.026245,957.690674,699.177185
1627530773.864644,862,1461.888184,1461.888184,957.682739,698.382690
1627530773.897967,863,1461.319092,1461.319092,957.730896,698.652405
1627530773.931290,864,1462.457275,1462.457275,957.398499,698.797302
1627530773.964613,865,1462.457275,1462.457275,957.375122,698.408569
1627530773.997936,866,1463.595215,1463.595215,956.856995,698.873596
1627530774.031259,867,1462.457275,1462.457275,957.041565,698.926636
1627530774.064583,868,1463.026245,1463.026245,957.289429,698.322876
1627530774.097906,869,1464.164307,1464.164307,957.782043,698.767639
1627530774.131228,870,1463.595215,1463.595215,957.999084,699.331421
1627530774.164552,871,1461.319092,1461.319092,958.137146,698.584595
1627530774.197875,872,1463.595215,1463.595215,958.100281,699.393799
1627530774.231198,873,1463.026245,1463.026245,958.050415,698.669312
1627530774.264521,874,1461.888184,1461.888184,957.578430,698.949646
1627530774.297844,875,1464.164307,1464.164307,958.445374,698.871582
1627530774.331167,876,1461.319092,1461.319092,958.391235,699.933533
1627530774.364490,877,1461.888184,1461.888184,958.001282,698.838074
1627530774.397813,878,1464.164307,1464.164307,958.506470,699.353943
1627530774.431136,879,1461.888184,1461.888184,958.895142,699.880737
1627530774.464460,880,1459.042847,1459.042847,958.743530,699.391235
1627530774.497782,881,1459.611938,1459.611938,957.825867,700.396606
1627530774.531106,882,1464.164307,1464.164307,958.072021,699.137695
1627530774.564429,883,1463.595215,1463.595215,957.764343,700.066650
1627530774.597752,884,1461.888184,1461.888184,958.271301,699.110779
1627530774.631075,885,1462.457275,1462.457275,959.182434,699.017761
1627530774.664398,886,1466.440552,1466.440552,959.843262,698.683960
1627530774.697721,887,1464.164307,1464.164307,959.290100,697.814026
1627530774.731044,888,1463.026245,1463.026245,959.010742,700.279297
1627530774.764367,889,1465.871460,1465.871460,960.093018,699.196350
1627530774.797690,890,1466.440552,1466.440552,960.663574,698.051819
1627530774.831013,891,1464.733276,1464.733276,960.424744,699.213074
1627530774.864336,892,1463.595215,1463.595215,961.120056,698.768982
1627530774.897660,893,1464.164307,1464.164307,961.325562,697.758545
1627530774.930983,894,1463.026245,1463.026245,961.421570,700.326477
1627530774.964306,895,1466.440552,1466.440552,963.003235,696.589966
1627530774.997629,896,1473.269043,1473.269043,964.164001,699.872620
1627530775.030952,897,1453.921509,1453.921509,960.213135,696.866699
1627530775.064275,898,1461.319092,1461.319092,962.714050,696.504639
1627530775.097598,899,1463.026245,1463.026245,963.998413,698.374817
1627530775.130921,900,1461.888184,1461.888184,960.419128,697.992065
1627530775.164244,901,1464.733276,1464.733276,959.099060,699.585083
1627530775.197567,902,1456.766602,1456.766602,961.165710,700.298706
1627530775.230891,903,1459.042847,1459.042847,961.736450,698.184692
1627530775.264214,904,1464.164307,1464.164307,962.822327,695.784119
1627530775.297537,905,1464.733276,1464.733276,962.315430,696.754272
1627530775.330860,906,1463.595215,1463.595215,962.601074,696.122925
1627530775.364183,907,1464.164307,1464.164307,962.667175,695.740662
1627530775.397506,908,1464.164307,1464.164307,962.497864,696.264465
1627530775.430829,909,1462.457275,1462.457275,962.903687,696.621216
1627530775.464152,910,1461.888184,1461.888184,962.816650,696.137573
1627530775.497475,911,1462.457275,1462.457275,963.230408,695.985413
1627530775.530798,912,1463.026245,1463.026245,963.218933,697.275879
1627530775.564122,913,1462.457275,1462.457275,963.323181,696.425903
1627530775.597445,914,1463.026245,1463.026245,963.311462,696.779968
1627530775.630768,915,1463.595215,1463.595215,963.622498,696.953003
1627530775.664091,916,1464.164307,1464.164307,962.869812,696.507935
1627530775.697414,917,1463.026245,1463.026245,964.521667,697.016479
1627530775.730737,918,1463.595215,1463.595215,962.922607,697.174561
1627530775.764060,919,1465.302368,1465.302368,963.018921,697.445312
1627530775.797383,920,1464.164307,1464.164307,963.869934,696.671021
1627530775.830706,921,1466.440552,1466.440552,963.347778,697.197632
1627530775.864029,922,1466.440552,1466.440552,963.930725,696.176453
1627530775.897352,923,1466.440552,1466.440552,963.801208,697.281189
1627530775.930676,924,1465.302368,1465.302368,963.846497,696.463745
1627530775.963999,925,1465.302368,1465.302368,963.614197,696.528198
1627530775.997322,926,1465.871460,1465.871460,964.270203,696.121948
1627530776.030645,927,1467.009521,1467.009521,964.104248,696.201538
1627530776.063968,928,1466.440552,1466.440552,964.097473,695.979126
1627530776.097291,929,1465.302368,1465.302368,963.793579,696.288025
1627530776.130614,930,1464.164307,1464.164307,964.185303,696.314941
1627530776.163937,931,1464.733276,1464.733276,963.755005,696.500610
1627530776.197260,932,1465.302368,1465.302368,963.560059,695.407166
1627530776.230583,933,1465.302368,1465.302368,964.194153,695.653259
1627530776.263906,934,1465.302368,1465.302368,964.489075,695.641296
1627530776.297230,935,1464.733276,1464.733276,964.570496,695.244690
1627530776.330553,936,1464.164307,1464.164307,964.088318,696.030151
1627530776.363875,937,1463.595215,1463.595215,964.852722,695.524841
1627530776.397199,938,1464.164307,1464.164307,965.438110,696.030945
1627530776.430522,939,1464.164307,1464.164307,963.629150,696.399963
1627530776.463845,940,1464.733276,1464.733276,963.573242,695.288757
1627530776.497168,941,1463.595215,1463.595215,964.637939,694.691345
1627530776.530491,942,1464.733276,1464.733276,964.008789,695.155029
1627530776.563814,943,1464.164307,1464.164307,964.077209,694.971680
1627530776.597137,944,1462.457275,1462.457275,964.574463,695.016846
1627530776.630461,945,1464.164307,1464.164307,964.256592,695.709412
1627530776.663783,946,1465.302368,1465.302368,964.045349,695.651917
1627530776.697106,947,1464.733276,1464.733276,963.401611,694.852112
1627530776.730429,948,1463.595215,1463.595215,963.857300,695.252686
1627530776.763753,949,1463.026245,1463.026245,963.828308,695.914551
1627530776.797076,950,1463.026245,1463.026245,964.232666,696.077759
1627530776.830399,951,1462.457275,1462.457275,964.023438,696.062195
1627530776.863722,952,1463.026245,1463.026245,964.057312,696.256470
1627530776.897045,953,1463.026245,1463.026245,963.551392,696.768372
1627530776.930368,954,1463.595215,1463.595215,963.931763,697.011841
1627530776.963691,955,1464.164307,1464.164307,963.059448,696.117004
1627530776.997015,956,1464.164307,1464.164307,963.595276,697.123108
1627530777.030337,957,1463.026245,1463.026245,964.080200,697.637268
1627530777.063660,958,1463.026245,1463.026245,964.035034,697.282532
1627530777.096984,959,1464.164307,1464.164307,963.577209,697.046570
1627530777.130307,960,1465.871460,1465.871460,962.938538,697.672180
1627530777.163630,961,1464.164307,1464.164307,964.068909,696.815186
1627530777.196953,962,1462.457275,1462.457275,963.462952,696.554077
1627530777.230276,963,1463.595215,1463.595215,962.855530,697.330383
1627530777.263599,964,1465.871460,1465.871460,963.409912,697.051331
1627530777.296922,965,1465.302368,1465.302368,963.962952,696.540344
1627530777.330245,966,1464.164307,1464.164307,963.705505,696.840088
1627530777.363568,967,1464.164307,1464.164307,963.749390,696.882935
1627530777.396891,968,1464.733276,1464.733276,964.339417,696.466858
1627530777.430214,969,1464.164307,1464.164307,964.532288,696.577332
1627530777.463538,970,1463.595215,1463.595215,963.974243,696.799255
1627530777.496861,971,1464.164307,1464.164307,964.361084,696.902222
1627530777.530184,972,1463.595215,1463.595215,963.907471,695.862854
1627530777.563507,973,1461.319092,1461.319092,965.775269,696.727173
1627530777.596830,974,1465.302368,1465.302368,963.586060,698.182129
1627530777.630153,975,1466.440552,1466.440552,963.267395,697.277588
1627530777.663476,976,1463.595215,1463.595215,964.570129,696.449829
1627530777.696799,977,1463.595215,1463.595215,964.290222,697.052368
1627530777.730122,978,1466.440552,1466.440552,963.446106,697.596191
1627530777.763445,979,1464.733276,1464.733276,964.016113,697.353943
1627530777.796768,980,1464.164307,1464.164307,963.853333,696.146545
1627530777.830091,981,1465.302368,1465.302368,963.083801,696.817627
1627530777.863415,982,1464.164307,1464.164307,963.570679,696.087402
1627530777.896738,983,1463.026245,1463.026245,963.597595,696.952698
1627530777.930061,984,1463.595215,1463.595215,963.314575,696.894226
1627530777.963384,985,1464.164307,1464.164307,962.975769,696.891602
1627530777.996707,986,1464.164307,1464.164307,962.826294,697.500122
1627530778.030030,987,1462.457275,1462.457275,963.244568,697.309204
1627530778.063353,988,1462.457275,1462.457275,963.260437,696.751099
1627530778.096676,989,1463.026245,1463.026245,962.589111,697.171570
1627530778.129999,990,1463.595215,1463.595215,961.807007,697.960693
1627530778.163322,991,1461.319092,1461.319092,962.465881,697.297791
1627530778.196645,992,1460.750000,1460.750000,962.208496,698.076050
1627530778.229968,993,1461.319092,1461.319092,962.486816,697.850891
1627530778.263292,994,1461.888184,1461.888184,962.392151,698.403564
1627530778.296615,995,1463.026245,1463.026245,962.514709,698.163757
1627530778.329938,996,1463.026245,1463.026245,962.282227,698.398254
1627530778.363261,997,1464.164307,1464.164307,961.908875,698.230530
1627530778.396584,998,1465.302368,1465.302368,962.197144,697.793762
1627530778.429907,999,1467.009521,1467.009521,962.408081,698.206970
1627530778.463230,1000,1466.440552,1466.440552,962.448303,697.115234
1627530778.496553,1001,1464.733276,1464.733276,962.586487,697.399109
1627530778.529876,1002,1464.733276,1464.733276,962.522339,697.866821
1627530778.563199,1003,1465.871460,1465.871460,963.150696,697.706482
1627530778.596523,1004,1466.440552,1466.440552,962.807373,697.287842
1627530778.629846,1005,1465.871460,1465.871460,962.831909,696.947693
1627530778.663169,1006,1464.733276,1464.733276,963.744629,697.105042
1627530778.696492,1007,1467.009521,1467.009521,963.551086,697.364929
1627530778.729815,1008,1467.009521,1467.009521,963.254761,697.291504
1627530778.763138,1009,1463.026245,1463.026245,964.178223,697.051880
1627530778.796461,1010,1463.595215,1463.595215,964.190796,697.325378
1627530778.829784,1011,1465.871460,1465.871460,963.497925,697.335327
1627530778.863107,1012,1464.733276,1464.733276,963.557739,697.218018
1627530778.896430,1013,1464.164307,1464.164307,963.822754,697.238342
1627530778.929753,1014,1464.164307,1464.164307,963.386963,697.192505
1627530778.963076,1015,1463.595215,1463.595215,963.148926,697.100647
1627530778.996400,1016,1463.026245,1463.026245,963.199341,697.786072
1627530779.029722,1017,1461.888184,1461.888184,963.919434,696.486694
1627530779.063046,1018,1460.750000,1460.750000,963.007629,697.324707
1627530779.096369,1019,1461.888184,1461.888184,962.502747,697.642700
1627530779.129692,1020,1462.457275,1462.457275,963.272705,696.594604
1627530779.163015,1021,1464.164307,1464.164307,962.147339,696.700562
1627530779.196338,1022,1463.026245,1463.026245,962.452271,696.622314
1627530779.229661,1023,1463.026245,1463.026245,962.262939,696.700928
1627530779.262984,1024,1464.164307,1464.164307,961.912842,697.053650
1627530779.296307,1025,1464.164307,1464.164307,961.892029,696.958435
1627530779.329630,1026,1464.733276,1464.733276,961.831116,697.535339
1627530779.362953,1027,1464.733276,1464.733276,961.969971,697.450928
1627530779.396276,1028,1463.595215,1463.595215,961.825562,697.752991
1627530779.429600,1029,1463.026245,1463.026245,961.718506,698.541138
1627530779.462923,1030,1463.026245,1463.026245,961.808533,699.023743
1627530779.496246,1031,1463.026245,1463.026245,961.578918,699.187500
1627530779.529569,1032,1461.319092,1461.319092,961.695923,698.681641
1627530779.562892,1033,1463.026245,1463.026245,960.776855,699.753479
1627530779.596215,1034,1461.319092,1461.319092,962.158630,698.756592
1627530779.629538,1035,1459.611938,1459.611938,961.709900,699.645569
1627530779.662861,1036,1462.457275,1462.457275,961.731506,699.646545
1627530779.696184,1037,1464.164307,1464.164307,962.069153,699.380127
1627530779.729507,1038,1467.009521,1467.009521,962.058655,699.395081
1627530779.762830,1039,1466.440552,1466.440552,962.555603,698.718140
1627530779.796153,1040,1465.871460,1465.871460,962.026123,698.969910
1627530779.829477,1041,1465.302368,1465.302368,962.264954,698.872620
1627530779.862800,1042,1464.733276,1464.733276,962.954529,698.805847
1627530779.896123,1043,1465.302368,1465.302368,962.782776,698.606567
1627530779.929446,1044,1463.595215,1463.595215,963.197205,698.121460
1627530779.962769,1045,1463.595215,1463.595215,963.258423,699.332642
1627530779.996092,1046,1463.026245,1463.026245,963.598572,698.243164
1627530780.029415,1047,1461.888184,1461.888184,963.937256,698.523621
1627530780.062738,1048,1463.026245,1463.026245,963.847717,699.137695
1627530780.096061,1049,1461.888184,1461.888184,963.950989,698.088684
1627530780.129384,1050,1461.319092,1461.319092,963.829651,698.749939
1627530780.162707,1051,1463.026245,1463.026245,963.791199,699.052002
1627530780.196031,1052,1461.888184,1461.888184,963.786255,698.484619
1627530780.229353,1053,1460.181030,1460.181030,963.705627,699.334534
1627530780.262676,1054,1463.026245,1463.026245,963.756348,699.718994
1627530780.296000,1055,1462.457275,1462.457275,964.193787,698.644409
1627530780.329323,1056,1462.457275,1462.457275,963.519165,699.673767
1627530780.362646,1057,1463.595215,1463.595215,963.762634,699.109436
1627530780.395969,1058,1463.595215,1463.595215,963.863647,699.322388
1627530780.429292,1059,1464.164307,1464.164307,963.380127,699.352234
1627530780.462615,1060,1463.595215,1463.595215,963.320312,698.954956
1627530780.495938,1061,1463.026245,1463.026245,963.345154,699.389465
1627530780.529261,1062,1463.026245,1463.026245,963.157104,698.863647
1627530780.562584,1063,1462.457275,1462.457275,962.653809,699.479370
1627530780.595907,1064,1462.457275,1462.457275,962.941528,699.655823
1627530780.629230,1065,1462.457275,1462.457275,962.524353,700.078003
1627530780.662554,1066,1463.026245,1463.026245,962.194946,700.591431
1627530780.695877,1067,1461.888184,1461.888184,962.537964,699.978699
1627530780.729200,1068,1461.319092,1461.319092,961.998535,700.527466
1627530780.762523,1069,1464.164307,1464.164307,962.105469,701.101624
1627530780.795846,1070,1464.164307,1464.164307,962.645569,700.094299
1627530780.829169,1071,1462.457275,1462.457275,962.397827,700.204895
1627530780.862492,1072,1463.026245,1463.026245,962.270691,700.629517
1627530780.895815,1073,1463.595215,1463.595215,962.627319,700.803162
1627530780.929138,1074,1463.595215,1463.595215,962.803040,700.222839
1627530780.962461,1075,1461.888184,1461.888184,962.679016,700.065735
1627530780.995785,1076,1460.750000,1460.750000,963.044189,701.074524
1627530781.029108,1077,1463.595215,1463.595215,962.852844,700.747681
1627530781.062431,1078,1461.319092,1461.319092,962.900024,699.688843
1627530781.095754,1079,1459.611938,1459.611938,963.158813,699.699036
1627530781.129077,1080,1458.473877,1458.473877,964.339661,700.799500
1627530781.162400,1081,1460.750000,1460.750000,963.678650,701.007751
1627530781.195723,1082,1463.026245,1463.026245,963.463379,699.958130
1627530781.229046,1083,1461.319092,1461.319092,963.779602,700.441772
1627530781.262369,1084,1461.319092,1461.319092,963.406555,700.907104
1627530781.295692,1085,1461.888184,1461.888184,963.625061,700.904114
1627530781.329015,1086,1464.164307,1464.164307,963.847351,700.542725
1627530781.362338,1087,1464.733276,1464.733276,963.677612,700.512817
1627530781.395662,1088,1464.733276,1464.733276,963.520935,700.469666
1627530781.428984,1089,1464.164307,1464.164307,963.461731,700.043823
1627530781.462307,1090,1464.164307,1464.164307,963.286011,700.679932
1627530781.495631,1091,1462.457275,1462.457275,963.213623,701.014404
1627530781.528954,1092,1463.026245,1463.026245,962.913635,701.002808
1627530781.562277,1093,1463.026245,1463.026245,962.759216,701.186157
1627530781.595600,1094,1463.026245,1463.026245,962.481506,700.952820
1627530781.628923,1095,1462.457275,1462.457275,962.353638,701.282471
1627530781.662246,1096,1462.457275,1462.457275,961.977295,701.577087
1627530781.695569,1097,1462.457275,1462.457275,961.880981,700.872253
1627530781.728892,1098,1461.888184,1461.888184,961.498291,701.375122
1627530781.762215,1099,1461.319092,1461.319092,961.229919,700.961243
1627530781.795538,1100,1461.888184,1461.888184,961.045227,701.452393
1627530781.828861,1101,1461.888184,1461.888184,961.381714,700.892151
1627530781.862185,1102,1462.457275,1462.457275,961.457764,700.097961
1627530781.895508,1103,1463.595215,1463.595215,960.614746,701.922302
1627530781.928828,1104,1461.888184,1461.888184,960.127808,700.585266
1627530781.962154,1105,1460.181030,1460.181030,960.300171,700.443420
1627530781.995477,1106,1461.888184,1461.888184,960.361877,702.184509
1627530782.028800,1107,1460.181030,1460.181030,960.822449,701.070679
1627530782.062123,1108,1462.457275,1462.457275,959.536560,701.757446
1627530782.095446,1109,1464.164307,1464.164307,959.291748,701.458496
1627530782.128769,1110,1461.888184,1461.888184,959.730713,700.950195
1627530782.162092,1111,1461.319092,1461.319092,960.103882,701.987976
1627530782.195415,1112,1462.457275,1462.457275,959.937439,701.150574
1627530782.228738,1113,1463.595215,1463.595215,960.108093,701.672546
1627530782.262061,1114,1463.026245,1463.026245,961.468750,701.432617
1627530782.295385,1115,1464.164307,1464.164307,961.339539,701.360535
1627530782.328707,1116,1463.595215,1463.595215,961.975281,701.233215
1627530782.378692,1117,1463.026245,1463.026245,962.630310,700.916077
1627530782.412015,1118,1464.164307,1464.164307,963.364075,701.574768
1627530782.445338,1119,1464.164307,1464.164307,964.053284,700.388611
1627530782.478658,1120,1463.595215,1463.595215,963.414673,701.035645
1627530782.511984,1121,1464.164307,1464.164307,962.824280,701.173828
1627530782.545308,1122,1458.473877,1458.473877,965.044495,699.882690
1627530782.578630,1123,1457.335693,1457.335693,964.312866,701.210144
1627530782.611954,1124,1461.319092,1461.319092,964.314697,700.388916
1627530782.645277,1125,1460.750000,1460.750000,965.413208,700.652344
1627530782.678600,1126,1460.750000,1460.750000,965.082581,700.423157
1627530782.711923,1127,1463.026245,1463.026245,964.179077,700.341675
1627530782.745246,1128,1462.457275,1462.457275,964.848145,699.442932
1627530782.778569,1129,1461.888184,1461.888184,965.091003,701.090454
1627530782.811892,1130,1461.888184,1461.888184,964.970947,700.801392
1627530782.845215,1131,1462.457275,1462.457275,964.660522,700.292969
1627530782.878538,1132,1461.888184,1461.888184,964.876404,700.876221
1627530782.911861,1133,1461.319092,1461.319092,964.687073,700.477600
1627530782.945184,1134,1460.750000,1460.750000,964.717957,700.179321
1627530782.978508,1135,1459.611938,1459.611938,964.290161,700.728760
1627530783.011831,1136,1459.042847,1459.042847,964.713623,700.646362
1627530783.045154,1137,1459.611938,1459.611938,964.577148,701.241577
1627530783.078477,1138,1459.611938,1459.611938,964.048340,700.485901
1627530783.111800,1139,1459.042847,1459.042847,964.183533,700.377991
1627530783.145123,1140,1458.473877,1458.473877,964.395081,701.226013
1627530783.178446,1141,1458.473877,1458.473877,963.357727,701.331299
1627530783.211769,1142,1460.181030,1460.181030,963.737061,700.285278
1627530783.245092,1143,1463.026245,1463.026245,963.196777,701.676941
1627530783.278415,1144,1461.888184,1461.888184,964.127380,700.658020
1627530783.311738,1145,1461.888184,1461.888184,963.374390,701.048950
1627530783.345061,1146,1465.871460,1465.871460,962.100647,701.556519
1627530783.378384,1147,1465.871460,1465.871460,963.590942,699.989319
1627530783.411708,1148,1466.440552,1466.440552,962.528320,700.548035
1627530783.445030,1149,1468.147705,1468.147705,961.651123,700.400574
1627530783.478354,1150,1466.440552,1466.440552,962.153015,698.660034
1627530783.511677,1151,1464.733276,1464.733276,963.147522,699.205078
1627530783.545000,1152,1465.871460,1465.871460,962.864136,699.557739
1627530783.578323,1153,1465.302368,1465.302368,963.385681,696.669006
1627530783.611646,1154,1463.026245,1463.026245,963.382019,697.164307
1627530783.644969,1155,1463.595215,1463.595215,962.870789,698.063904
1627530783.678292,1156,1462.457275,1462.457275,963.602234,695.166321
1627530783.711615,1157,1462.457275,1462.457275,963.512207,695.803101
1627530783.744938,1158,1462.457275,1462.457275,963.521423,695.609863
1627530783.778261,1159,1459.042847,1459.042847,964.998291,695.019165
1627530783.811584,1160,1460.750000,1460.750000,964.169556,695.226135
1627530783.844908,1161,1462.457275,1462.457275,964.543579,694.728516
1627530783.878231,1162,1460.750000,1460.750000,964.957458,695.402161
1627530783.911554,1163,1460.750000,1460.750000,965.142151,694.269165
1627530783.944877,1164,1462.457275,1462.457275,964.492065,695.697449
1627530783.978200,1165,1461.888184,1461.888184,964.921814,695.109436
1627530784.011523,1166,1460.181030,1460.181030,965.305542,695.220825
1627530784.044846,1167,1461.888184,1461.888184,965.262390,695.376587
1627530784.078169,1168,1463.595215,1463.595215,964.618896,695.296753
1627530784.111492,1169,1463.026245,1463.026245,965.388611,695.676208
1627530784.144815,1170,1464.164307,1464.164307,964.936890,695.388855
1627530784.178138,1171,1465.302368,1465.302368,965.462585,695.701538
1627530784.211462,1172,1464.164307,1464.164307,965.209900,696.285034
1627530784.244785,1173,1464.733276,1464.733276,965.162048,695.674561
1627530784.278108,1174,1465.871460,1465.871460,965.322144,696.570068
1627530784.311431,1175,1465.871460,1465.871460,965.707153,695.807068
1627530784.344754,1176,1464.733276,1464.733276,965.548706,695.195557
1627530784.378077,1177,1463.026245,1463.026245,965.284973,696.039001
1627530784.411400,1178,1464.164307,1464.164307,965.216187,696.795898
1627530784.444723,1179,1466.440552,1466.440552,964.935852,695.787109
1627530784.478046,1180,1466.440552,1466.440552,965.013062,695.735657
1627530784.511365,1181,1463.595215,1463.595215,964.744568,695.870178
1627530784.544692,1182,1464.164307,1464.164307,964.416016,695.370911
1627530784.578015,1183,1465.871460,1465.871460,963.359436,695.490845
1627530784.611338,1184,1464.733276,1464.733276,963.594055,694.041626
1627530784.644661,1185,1464.164307,1464.164307,962.798706,695.373901
1627530784.677985,1186,1461.319092,1461.319092,963.609863,694.413940
1627530784.711308,1187,1461.319092,1461.319092,962.934998,694.678040
1627530784.744630,1188,1461.888184,1461.888184,962.650879,694.208008
1627530784.777954,1189,1460.181030,1460.181030,962.361938,694.531860
1627530784.811277,1190,1460.750000,1460.750000,962.207336,694.993835
1627530784.844600,1191,1460.750000,1460.750000,962.432983,694.659790
1627530784.877923,1192,1460.750000,1460.750000,962.044373,695.025818
1627530784.911246,1193,1461.319092,1461.319092,961.609436,695.140869
1627530784.944569,1194,1463.026245,1463.026245,961.510254,695.448303
1627530784.977892,1195,1463.595215,1463.595215,962.038391,696.516235
1627530785.011215,1196,1463.026245,1463.026245,962.374329,695.431396
1627530785.044538,1197,1461.319092,1461.319092,962.644958,694.931458
1627530785.077862,1198,1461.888184,1461.888184,962.854858,696.209961
1627530785.111184,1199,1463.026245,1463.026245,963.180359,695.380432
1627530785.144508,1200,1464.733276,1464.733276,963.127869,696.099060
1627530785.177831,1201,1465.871460,1465.871460,963.172729,696.709900
1627530785.211153,1202,1465.302368,1465.302368,963.711426,694.951294
1627530785.244477,1203,1464.164307,1464.164307,963.795532,695.480530
1627530785.277800,1204,1467.009521,1467.009521,963.239197,696.469727
1627530785.311123,1205,1467.578613,1467.578613,964.198792,695.867859
1627530785.344446,1206,1467.009521,1467.009521,963.831421,696.011108
1627530785.377769,1207,1467.009521,1467.009521,963.679932,695.820679
1627530785.411092,1208,1467.009521,1467.009521,963.577332,695.380554
1627530785.444415,1209,1465.302368,1465.302368,964.419556,694.502197
1627530785.477738,1210,1464.733276,1464.733276,964.488464,694.691650
1627530785.511061,1211,1466.440552,1466.440552,963.728088,694.771362
1627530785.544385,1212,1466.440552,1466.440552,963.555054,694.571777
1627530785.577708,1213,1465.871460,1465.871460,963.436829,693.776245
1627530785.611031,1214,1465.302368,1465.302368,963.394958,693.619751
1627530785.644354,1215,1467.578613,1467.578613,962.616150,694.375977
1627530785.677677,1216,1466.440552,1466.440552,962.965149,693.276611
1627530785.711000,1217,1464.733276,1464.733276,962.629639,692.989990
1627530785.744323,1218,1466.440552,1466.440552,962.550171,693.259033
1627530785.777646,1219,1466.440552,1466.440552,962.976440,693.035828
1627530785.810969,1220,1466.440552,1466.440552,962.900696,693.687500
1627530785.844292,1221,1467.009521,1467.009521,962.677246,692.900757
1627530785.877615,1222,1467.578613,1467.578613,962.851562,693.332764
1627530785.910938,1223,1467.009521,1467.009521,963.072083,692.852478
1627530785.944261,1224,1468.147705,1468.147705,962.556580,693.458984
1627530785.977585,1225,1466.440552,1466.440552,963.092712,693.434448
1627530786.010907,1226,1464.164307,1464.164307,963.391968,693.421143
1627530786.044231,1227,1463.026245,1463.026245,962.102173,692.813965
1627530786.077554,1228,1465.871460,1465.871460,961.655090,693.744019
1627530786.110877,1229,1460.181030,1460.181030,962.227417,693.949585
1627530786.144200,1230,1458.473877,1458.473877,961.738098,694.738525
1627530786.177523,1231,1462.457275,1462.457275,960.959290,694.266602
1627530786.210846,1232,1462.457275,1462.457275,961.890259,692.685059
1627530786.244169,1233,1464.733276,1464.733276,961.661072,694.542847
1627530786.277492,1234,1462.457275,1462.457275,961.290588,693.777649
1627530786.310815,1235,1459.611938,1459.611938,963.173096,694.027344
1627530786.344138,1236,1461.319092,1461.319092,961.684631,694.640869
1627530786.377461,1237,1462.457275,1462.457275,962.734375,694.034546
1627530786.410784,1238,1460.750000,1460.750000,963.103333,694.523560
1627530786.444108,1239,1463.595215,1463.595215,962.542297,694.592651
1627530786.477430,1240,1460.750000,1460.750000,961.455811,693.570801
1627530786.510754,1241,1461.319092,1461.319092,962.593140,694.065552
1627530786.544077,1242,1465.302368,1465.302368,963.121277,693.092651
1627530786.577400,1243,1467.578613,1467.578613,962.423462,694.147461
1627530786.610723,1244,1468.716797,1468.716797,963.233887,692.342896
1627530786.644046,1245,1467.009521,1467.009521,962.250671,694.052246
1627530786.677369,1246,1462.457275,1462.457275,966.133301,685.257874
1627530786.710692,1247,1465.302368,1465.302368,962.977112,698.292419
1627530786.744015,1248,1466.440552,1466.440552,963.002991,694.326599
1627530786.777338,1249,1464.164307,1464.164307,963.006348,692.950134
1627530786.810661,1250,1465.302368,1465.302368,962.843323,694.528320
1627530786.843984,1251,1465.302368,1465.302368,963.481995,694.329590
1627530786.877307,1252,1463.026245,1463.026245,963.161438,693.915039
1627530786.910631,1253,1465.302368,1465.302368,963.361084,693.813965
1627530786.943954,1254,1464.164307,1464.164307,964.157959,692.674744
1627530786.977277,1255,1464.733276,1464.733276,964.521667,693.769592
1627530787.010600,1256,1464.733276,1464.733276,964.128174,693.649231
1627530787.043923,1257,1464.164307,1464.164307,964.454224,694.095398
1627530787.077246,1258,1466.440552,1466.440552,964.624268,694.835510
1627530787.110569,1259,1464.733276,1464.733276,965.260620,692.731567
1627530787.143892,1260,1464.164307,1464.164307,965.182007,693.817078
1627530787.177215,1261,1464.733276,1464.733276,965.744324,694.133972
1627530787.210538,1262,1464.164307,1464.164307,965.159607,693.448120
1627530787.243861,1263,1464.733276,1464.733276,965.880554,693.425476
1627530787.277184,1264,1463.595215,1463.595215,965.954285,693.638367
1627530787.310507,1265,1463.026245,1463.026245,966.133972,693.228455
1627530787.343830,1266,1463.595215,1463.595215,965.798279,693.604065
1627530787.377154,1267,1463.595215,1463.595215,966.088135,693.015564
1627530787.410476,1268,1463.595215,1463.595215,965.730408,693.835999
1627530787.443799,1269,1465.302368,1465.302368,965.926697,693.548706
1627530787.477123,1270,1464.733276,1464.733276,965.468994,693.238464
1627530787.510446,1271,1464.164307,1464.164307,965.130188,694.299072
1627530787.543769,1272,1463.595215,1463.595215,965.274353,693.676208
1627530787.577092,1273,1464.733276,1464.733276,964.955444,693.673584
1627530787.610415,1274,1464.164307,1464.164307,964.843872,693.729370
1627530787.643738,1275,1464.164307,1464.164307,964.938171,693.786926
1627530787.677061,1276,1463.595215,1463.595215,964.973389,693.914368
1627530787.710384,1277,1463.595215,1463.595215,964.380493,693.484924
1627530787.743707,1278,1464.733276,1464.733276,963.649414,694.136841
1627530787.777030,1279,1464.164307,1464.164307,964.415344,694.393066
1627530787.810353,1280,1463.595215,1463.595215,964.509338,693.839966
1627530787.843677,1281,1463.595215,1463.595215,964.683960,694.503540
1627530787.877000,1282,1463.026245,1463.026245,964.484131,694.010071
1627530787.910323,1283,1463.026245,1463.026245,964.401428,694.179810
1627530787.943646,1284,1463.026245,1463.026245,964.101135,694.026123
1627530787.976969,1285,1463.026245,1463.026245,964.287842,694.065552
1627530788.010292,1286,1463.026245,1463.026245,964.346924,694.235596
1627530788.043615,1287,1464.164307,1464.164307,964.204773,694.263489
1627530788.076938,1288,1464.164307,1464.164307,964.098938,694.064209
1627530788.110261,1289,1464.733276,1464.733276,964.132019,694.078491
1627530788.143584,1290,1465.302368,1465.302368,964.117737,694.320312
1627530788.176907,1291,1464.733276,1464.733276,964.099792,694.367126
1627530788.210230,1292,1464.164307,1464.164307,964.033386,694.092102
1627530788.243553,1293,1464.733276,1464.733276,964.100830,693.823364
1627530788.276876,1294,1464.733276,1464.733276,964.245972,693.989807
1627530788.310200,1295,1463.595215,1463.595215,964.146301,694.206360
1627530788.343523,1296,1463.595215,1463.595215,964.088867,694.007080
1627530788.376846,1297,1464.164307,1464.164307,964.230042,694.122681
1627530788.410168,1298,1464.164307,1464.164307,964.004150,694.119995
1627530788.443491,1299,1463.595215,1463.595215,964.161926,694.305664
1627530788.476815,1300,1463.595215,1463.595215,964.153381,693.894592
1627530788.510138,1301,1463.595215,1463.595215,964.131042,694.107361
1627530788.543461,1302,1463.595215,1463.595215,964.172913,694.065186
1627530788.576784,1303,1463.595215,1463.595215,964.488647,693.783875
1627530788.610107,1304,1463.595215,1463.595215,964.202087,694.178467
1627530788.643430,1305,1463.595215,1463.595215,964.130676,693.993103
1627530788.676754,1306,1464.164307,1464.164307,964.248596,694.216980
1627530788.710077,1307,1463.595215,1463.595215,964.114868,693.743103
1627530788.743399,1308,1465.302368,1465.302368,964.181824,693.711121
