1627530745.148682,496.493378,-103.109497,-117.060898
1627530745.188258,496.421021,-102.857895,-117.141037
1627530745.227835,496.691406,-103.114471,-116.999817
1627530745.267412,496.532318,-102.999405,-117.385452
1627530745.306991,496.637756,-103.254654,-117.324799
1627530745.346568,496.755554,-103.242538,-117.008408
1627530745.386143,496.848022,-103.029495,-117.201996
1627530745.425715,496.464172,-102.989899,-117.165543
1627530745.465287,496.735809,-103.314529,-117.469101
1627530745.504851,496.516937,-103.085617,-117.899261
1627530745.544420,496.833466,-103.431595,-117.795364
1627530745.583992,496.641174,-103.403549,-117.914551
1627530745.623571,496.822052,-103.425323,-117.849823
1627530745.663148,496.855652,-103.328781,-117.956482
1627530745.702721,497.043091,-103.347214,-118.804535
1627530745.742292,496.746399,-103.369415,-118.042526
1627530745.781864,496.860901,-103.592712,-118.415634
1627530745.821439,496.780182,-103.587463,-118.004211
1627530745.861013,496.857025,-103.575424,-117.718643
1627530745.900590,496.679718,-103.541504,-117.845291
1627530745.940163,496.929596,-103.717453,-117.831207
1627530745.979736,496.786285,-103.625259,-118.309464
1627530746.019307,496.876526,-103.952393,-118.193176
1627530746.058882,496.758911,-103.754440,-118.396042
1627530746.098459,497.029633,-103.565674,-118.156754
1627530746.138035,497.042908,-103.165802,-118.593262
1627530746.177610,496.970215,-103.049011,-117.857117
1627530746.217184,497.048370,-103.136246,-117.336700
1627530746.256763,497.248962,-102.804138,-117.110458
1627530746.296343,497.254944,-102.405579,-117.474136
1627530746.335922,497.243225,-102.392700,-117.523743
1627530746.375495,497.460205,-102.424164,-117.355927
1627530746.415077,497.315430,-102.421616,-117.520477
1627530746.454653,497.092896,-103.093277,-118.498657
1627530746.494227,497.109131,-103.650177,-119.216827
1627530746.533803,496.816895,-103.844849,-119.588669
1627530746.573380,496.801727,-103.757584,-119.551041
1627530746.612957,496.773621,-103.846954,-119.104584
1627530746.652529,496.783875,-103.810150,-118.531281
1627530746.692099,496.782532,-103.812286,-118.574066
1627530746.731673,496.503784,-103.914871,-118.867752
1627530746.771247,496.679199,-104.265366,-119.395493
1627530746.810823,496.631622,-104.202637,-119.240585
1627530746.850401,496.521179,-104.049072,-119.689133
1627530746.889976,496.671021,-104.198502,-118.594666
1627530746.929547,496.306702,-103.952194,-118.584915
1627530746.969120,496.380981,-104.161407,-118.435699
1627530747.008695,496.153656,-104.093567,-117.946594
1627530747.048265,495.910797,-104.436630,-117.534485
1627530747.087837,495.962830,-104.201981,-117.568085
1627530747.127413,495.746338,-103.943344,-117.760620
1627530747.166984,496.018433,-103.966522,-118.342545
1627530747.206558,496.225800,-103.855148,-117.596298
1627530747.246135,496.172943,-103.675644,-117.440567
1627530747.285712,496.054840,-103.534622,-117.956558
1627530747.325290,496.117065,-103.370300,-117.366562
1627530747.364864,496.290741,-103.036575,-117.064819
1627530747.404435,496.383026,-102.700302,-117.078400
1627530747.444015,496.296997,-102.678528,-116.522141
1627530747.483595,496.189667,-102.421204,-116.664230
1627530747.523173,496.065308,-102.297272,-116.550552
1627530747.562749,496.235718,-101.672806,-116.316605
1627530747.602327,496.211182,-101.849686,-116.577011
1627530747.641901,496.172852,-102.017227,-116.306213
1627530747.681474,496.089783,-101.626678,-115.746841
1627530747.721046,496.446045,-101.578705,-115.522552
1627530747.760623,496.327942,-101.593918,-115.031464
1627530747.800199,496.022675,-101.277145,-114.831009
1627530747.839773,495.967224,-100.833374,-114.655258
1627530747.879352,496.487213,-100.596390,-113.865997
1627530747.918929,495.994202,-100.222672,-113.816559
1627530747.958508,495.586548,-100.138107,-113.192490
1627530747.998076,495.931427,-100.133148,-113.068085
1627530748.037658,496.156677,-99.521408,-112.950775
1627530748.077235,495.933258,-99.421524,-112.493668
1627530748.116809,495.902466,-99.250931,-112.066116
1627530748.156389,495.855865,-98.624680,-111.749512
1627530748.195968,496.198730,-98.314957,-111.534912
1627530748.235547,496.244690,-97.830750,-111.438690
1627530748.275129,496.689423,-98.003967,-110.638031
1627530748.314705,496.400635,-97.492981,-110.388000
1627530748.354282,496.703552,-97.051895,-109.756210
1627530748.393853,496.694458,-96.696198,-109.899246
1627530748.433427,496.968384,-96.323166,-109.586685
1627530748.473001,497.168640,-96.215286,-109.528030
1627530748.512579,497.296387,-95.913666,-109.412750
1627530748.552151,496.908447,-95.846832,-109.394302
1627530748.591739,496.866119,-96.051926,-108.804199
1627530748.631315,497.030273,-96.223358,-109.026672
1627530748.670891,496.985474,-95.893158,-108.776535
1627530748.710468,496.806885,-95.820343,-108.658875
1627530748.750046,496.705627,-95.657043,-108.384735
1627530748.789618,496.951172,-95.826706,-108.215225
1627530748.829192,496.924194,-95.706146,-108.032379
1627530748.868769,496.888672,-95.848343,-108.322235
1627530748.908347,497.084473,-95.807526,-107.787857
1627530748.947922,496.947327,-95.665985,-107.898880
1627530748.987495,497.384949,-95.718765,-108.384064
1627530749.027070,496.947906,-95.721725,-108.466019
1627530749.066638,496.916870,-96.094345,-108.614334
1627530749.106212,497.035675,-96.062927,-108.652359
1627530749.145783,497.086792,-96.491592,-108.604782
1627530749.185357,496.881958,-96.368271,-108.674728
1627530749.224931,496.937195,-96.548447,-108.673676
1627530749.264506,497.201141,-96.802383,-108.285614
1627530749.304079,496.687439,-97.123749,-108.951614
1627530749.343650,496.796326,-97.277435,-108.975266
1627530749.383221,497.046997,-97.661194,-109.409729
1627530749.422790,496.846252,-97.976059,-109.908554
1627530749.462358,496.891418,-98.114548,-110.121033
1627530749.501931,496.722900,-98.229507,-110.539154
1627530749.541506,496.931549,-98.303223,-110.638977
1627530749.581080,496.883118,-98.572876,-111.106049
1627530749.620656,496.609436,-98.687485,-111.400330
1627530749.660228,496.672729,-99.101151,-111.501312
1627530749.699804,496.820068,-99.601349,-111.447952
1627530749.739380,496.541321,-99.900375,-111.645935
1627530749.778956,496.458679,-100.161743,-112.158722
1627530749.818528,496.342255,-100.593506,-112.840790
1627530749.858109,496.537933,-101.138092,-113.403458
1627530749.897684,496.409241,-101.448441,-113.858963
1627530749.937259,496.570404,-101.833435,-115.224182
1627530749.976830,496.495300,-102.719955,-115.588638
1627530750.016405,496.616089,-103.708176,-116.249100
1627530750.055976,496.326599,-104.396805,-116.856537
1627530750.095549,496.654938,-104.803543,-117.726105
1627530750.135123,496.822021,-105.267761,-118.600327
1627530750.174698,497.024170,-105.440521,-119.055939
1627530750.214269,497.413055,-105.905212,-119.284286
1627530750.253842,497.280731,-105.868149,-120.189667
1627530750.293419,497.606628,-106.122131,-120.233810
1627530750.332994,497.794495,-106.149124,-120.125259
1627530750.372578,497.908142,-106.449432,-120.384766
1627530750.412155,498.252075,-106.899170,-120.568192
1627530750.451729,498.586548,-107.008057,-120.996033
1627530750.491312,498.390564,-107.437637,-121.080750
1627530750.530889,498.970947,-107.645477,-120.865784
1627530750.570464,498.786743,-107.801132,-120.720215
1627530750.610044,498.599121,-108.052185,-120.815628
1627530750.649616,498.760345,-108.089966,-121.062088
1627530750.689188,499.115417,-107.886124,-120.357529
1627530750.728762,499.236267,-107.832108,-120.758484
1627530750.768330,499.440125,-107.881851,-120.907501
1627530750.807912,499.277527,-107.738373,-120.840576
1627530750.847485,499.553467,-107.562408,-120.032196
1627530750.887058,499.583710,-107.632874,-120.390381
1627530750.926630,499.315002,-106.998978,-120.087494
1627530750.966198,499.700714,-106.952362,-120.092209
1627530751.005771,499.458923,-106.689346,-120.033813
1627530751.045344,499.387817,-106.684464,-120.163513
1627530751.084916,499.067810,-106.324280,-120.186737
1627530751.124488,498.834412,-106.057709,-120.261200
1627530751.164056,499.205933,-105.706253,-119.658920
1627530751.203624,498.764526,-105.280502,-119.708725
1627530751.243190,498.672028,-105.229034,-119.584366
1627530751.282758,498.111542,-104.830551,-119.474472
1627530751.322327,498.211060,-104.212860,-119.072891
1627530751.361900,498.033081,-103.637665,-119.167160
1627530751.401474,497.851685,-103.326935,-117.767380
1627530751.441046,497.728271,-102.669525,-117.658890
1627530751.480614,497.635864,-102.349014,-117.301727
1627530751.520186,497.713867,-102.149597,-117.276352
1627530751.559758,497.533142,-102.262527,-117.069580
1627530751.599331,497.241028,-101.651611,-117.017120
1627530751.638907,497.413177,-101.219849,-116.876236
1627530751.678482,497.202271,-100.636917,-116.331894
1627530751.718053,497.587341,-100.014008,-116.243896
1627530751.757622,497.501953,-99.319321,-115.429001
1627530751.797189,497.517487,-98.869217,-114.419983
1627530751.836758,497.540497,-98.649384,-113.356812
1627530751.876327,497.289551,-98.415497,-111.776978
1627530751.915897,497.142273,-98.232986,-110.775269
1627530751.955469,497.021729,-97.943253,-109.374176
1627530751.995040,496.907959,-98.107971,-108.823059
1627530752.034611,496.805664,-97.549301,-107.526474
1627530752.074183,496.558960,-97.248962,-106.452652
1627530752.113752,496.642578,-96.997833,-106.058472
1627530752.153324,496.777161,-96.629318,-105.523972
1627530752.192899,496.846130,-96.328659,-105.141983
1627530752.232476,497.240967,-95.676834,-105.013596
1627530752.272047,497.497498,-95.221939,-104.865295
1627530752.311620,497.586426,-95.150986,-104.632950
1627530752.351196,496.939392,-95.208038,-104.289246
1627530752.390770,496.706268,-95.775528,-103.602814
1627530752.430347,497.038269,-95.959625,-102.344116
1627530752.469921,496.948608,-96.116394,-101.283188
1627530752.509493,496.927612,-96.627090,-100.393250
1627530752.549064,496.396912,-97.389191,-100.214981
1627530752.588636,496.081482,-97.334076,-99.823700
1627530752.628211,496.282623,-97.324280,-99.916718
1627530752.667783,496.634033,-97.264526,-100.490891
1627530752.707357,496.384003,-97.339249,-100.999954
1627530752.746931,496.431213,-97.438354,-101.105316
1627530752.786507,496.421448,-97.494125,-102.256516
1627530752.826079,496.164001,-97.494598,-102.875214
1627530752.865654,496.332397,-97.990784,-103.807678
1627530752.905226,496.302246,-97.897034,-104.595627
1627530752.944794,495.966187,-98.311340,-105.795044
1627530752.984365,495.863892,-98.793442,-106.525894
1627530753.023938,495.702026,-99.306824,-107.285995
1627530753.063510,495.599548,-99.904327,-108.734528
1627530753.103084,495.241730,-99.859451,-109.617111
1627530753.142657,495.679993,-100.170792,-110.543915
1627530753.182232,495.347107,-100.459488,-111.315292
1627530753.221804,495.408630,-101.175537,-112.033752
1627530753.261376,495.390106,-101.553314,-112.462021
1627530753.300954,495.560913,-101.908737,-113.266037
1627530753.340527,495.292297,-101.921951,-113.913300
1627530753.380095,495.323608,-102.633545,-113.811081
1627530753.419679,495.355896,-102.383789,-113.992462
1627530753.459254,495.312927,-102.801331,-113.518387
1627530753.498826,495.498077,-103.180450,-113.688293
1627530753.538400,495.537415,-103.026596,-114.184998
1627530753.577971,495.367828,-103.180710,-114.219131
1627530753.617543,495.712006,-103.173782,-113.958191
1627530753.657114,495.607849,-102.666351,-113.760941
1627530753.696688,495.921906,-103.107330,-113.691238
1627530753.736258,495.749817,-102.870300,-114.006058
1627530753.775829,496.030457,-102.793793,-113.519363
1627530753.815401,496.293457,-103.115631,-113.288895
1627530753.854971,496.247620,-103.096420,-113.515854
1627530753.894543,496.859192,-103.126068,-113.000778
1627530753.934112,497.123291,-103.260025,-112.948090
1627530753.973684,497.384399,-103.366470,-112.449402
1627530754.013259,497.481842,-103.661270,-111.992844
1627530754.052831,498.010010,-103.765060,-112.035767
1627530754.092401,498.027527,-103.928116,-111.366470
1627530754.131966,498.649078,-103.831635,-111.157486
1627530754.171535,499.203857,-103.626770,-110.810059
1627530754.211101,499.620911,-103.595795,-109.662750
1627530754.250661,499.867554,-103.386871,-109.328049
1627530754.290228,500.070862,-103.309616,-108.903305
1627530754.329800,500.346680,-103.562973,-108.771530
1627530754.369368,500.608124,-103.836548,-108.730698
1627530754.408943,500.656067,-103.827911,-108.282654
1627530754.448521,501.174255,-104.025833,-107.995300
1627530754.488093,501.063660,-104.045471,-107.656616
1627530754.527669,501.335205,-104.222672,-106.953537
1627530754.567246,501.285706,-104.049515,-106.559494
1627530754.606822,501.440155,-104.037308,-106.118622
1627530754.646395,501.494507,-103.804260,-105.699356
1627530754.685968,501.376343,-103.755829,-105.137238
1627530754.725549,501.267761,-103.864624,-105.062256
1627530754.765127,501.041992,-103.751984,-105.344238
1627530754.804706,500.668640,-104.263855,-105.282776
1627530754.844286,500.254578,-104.676498,-105.416229
1627530754.883860,499.951965,-104.305862,-105.893356
1627530754.923436,499.703308,-104.168533,-106.123077
1627530754.963011,499.228516,-104.188339,-106.553131
1627530755.002586,499.216797,-103.796234,-107.251755
1627530755.042160,498.841370,-103.637970,-107.591141
1627530755.081731,497.917419,-104.044647,-108.284897
1627530755.121298,497.687561,-103.860992,-108.357834
1627530755.160867,496.965454,-104.265945,-107.937943
1627530755.200437,496.315491,-104.407562,-108.618362
1627530755.240010,495.686615,-104.882584,-108.773239
1627530755.279583,494.918518,-105.376038,-108.224899
1627530755.319154,494.204498,-105.575378,-108.678406
1627530755.358730,493.922180,-105.389938,-107.675797
1627530755.398308,493.536835,-105.034973,-107.204773
1627530755.437880,492.777527,-105.319229,-107.171783
1627530755.477454,492.636353,-105.386398,-107.250763
1627530755.517028,491.705322,-105.041489,-108.117905
1627530755.556606,490.892303,-105.429749,-108.896225
1627530755.596181,490.285950,-105.538864,-109.423462
1627530755.635759,489.696655,-105.750839,-110.465668
1627530755.675332,489.295410,-105.434006,-111.570923
1627530755.714908,488.824585,-105.125641,-112.472946
1627530755.754483,488.426819,-104.822495,-113.885574
1627530755.794061,488.265808,-103.681870,-115.266464
1627530755.833641,488.218353,-102.933762,-116.616440
1627530755.873220,487.821045,-102.471130,-117.977478
1627530755.912797,488.119080,-102.290115,-118.399567
1627530755.952372,488.152954,-101.984451,-119.046494
1627530755.991944,488.097351,-101.641556,-119.402618
1627530756.031524,488.423981,-101.233261,-118.769409
1627530756.071103,488.868317,-100.892792,-117.767670
1627530756.110685,489.045471,-101.295898,-116.804810
1627530756.150263,489.346191,-101.947266,-115.567154
1627530756.189841,489.686737,-102.707428,-115.328110
1627530756.229419,490.275879,-103.312790,-114.797745
1627530756.268988,490.961395,-103.868546,-115.294571
1627530756.308562,491.863983,-104.175888,-115.155960
1627530756.348137,492.253693,-104.177582,-115.777222
1627530756.387712,493.364685,-104.416290,-117.359589
1627530756.427288,494.355469,-103.908066,-117.354248
1627530756.466865,495.410889,-103.216370,-117.135727
1627530756.506437,495.760498,-103.050522,-117.893646
1627530756.546014,496.444885,-103.119156,-117.658707
1627530756.585593,497.356628,-102.425613,-117.276840
1627530756.625170,498.062683,-102.081238,-117.628433
1627530756.664745,498.805054,-101.414536,-116.308487
1627530756.704320,499.386627,-101.444992,-116.083038
1627530756.743896,499.430908,-101.333069,-114.958801
1627530756.783469,500.039856,-101.652039,-113.987198
1627530756.823042,499.820129,-102.140335,-113.241821
1627530756.862612,500.149353,-102.256332,-112.442841
1627530756.902184,500.395081,-102.062485,-111.986511
1627530756.941758,500.750671,-102.186996,-111.511902
1627530756.981333,500.817047,-102.218994,-110.824570
1627530757.020909,500.799133,-102.374298,-110.324432
1627530757.060482,501.121521,-102.505386,-109.676468
1627530757.100051,501.371002,-102.554764,-108.821991
1627530757.139626,501.142365,-102.885147,-108.745911
1627530757.179201,501.297699,-103.194168,-107.978516
1627530757.218774,501.273743,-103.432571,-108.271622
1627530757.258360,501.376221,-103.538773,-107.832092
1627530757.297942,501.511169,-103.451462,-107.450378
1627530757.337519,501.267792,-103.587845,-106.877167
1627530757.377094,501.128967,-103.353073,-106.288559
1627530757.416668,501.047638,-103.572174,-107.112000
1627530757.456242,500.784302,-103.468307,-107.426361
1627530757.495817,500.684265,-103.293671,-106.835342
1627530757.535391,500.672852,-103.153076,-107.017227
1627530757.574968,500.060608,-103.066650,-106.947754
1627530757.614547,499.689880,-103.479187,-107.138397
1627530757.654118,499.269897,-103.563385,-106.856155
1627530757.693694,498.795471,-103.867783,-106.579102
1627530757.733270,498.354919,-104.052673,-106.244125
1627530757.772846,497.368164,-104.332413,-105.055054
1627530757.812424,496.743195,-104.990845,-104.333618
1627530757.852002,496.322021,-105.491623,-103.736328
1627530757.891577,495.912689,-105.816238,-102.917603
1627530757.931149,495.376770,-105.599121,-102.169846
1627530757.970724,495.012543,-105.606171,-101.717545
1627530758.010298,494.460968,-106.027161,-101.027374
1627530758.049870,493.994049,-105.503540,-100.726440
1627530758.089439,493.059509,-105.741058,-101.055634
1627530758.129011,492.505829,-105.753174,-101.753418
1627530758.168587,492.052795,-105.726318,-102.492859
1627530758.208160,491.270813,-105.844925,-103.624832
1627530758.247731,490.308899,-106.113785,-104.408127
1627530758.287298,489.554382,-106.359253,-105.410339
1627530758.326867,489.077026,-105.968887,-107.065002
1627530758.366436,488.750122,-105.383102,-108.495392
1627530758.406008,488.724396,-104.024048,-110.269714
1627530758.445580,488.620667,-102.695450,-110.632065
1627530758.485148,488.599579,-101.774094,-111.597443
1627530758.524719,488.642944,-100.747711,-112.334320
1627530758.564292,488.728210,-100.556274,-112.830292
1627530758.603864,488.636597,-100.570190,-113.434830
1627530758.643440,488.809692,-100.156845,-113.361465
1627530758.683015,489.395660,-100.261139,-113.236938
1627530758.722591,489.930206,-100.480072,-113.429230
1627530758.762171,490.430603,-100.576981,-112.493423
1627530758.801751,491.257324,-101.427200,-112.494247
1627530758.841326,491.583252,-102.051376,-111.774063
1627530758.880903,491.884949,-102.787506,-112.073853
1627530758.920476,492.655762,-102.330170,-111.355576
1627530758.960055,493.656677,-102.073257,-110.784180
1627530758.999632,494.425598,-101.769684,-111.111237
1627530759.039204,495.013367,-102.242935,-110.615463
1627530759.078778,495.567322,-102.790939,-111.709503
1627530759.118349,496.624908,-102.819855,-111.299774
1627530759.157920,497.119476,-102.883514,-111.658600
1627530759.197490,497.720886,-102.514618,-112.039230
1627530759.237062,498.434021,-102.302094,-112.246826
1627530759.276637,499.110840,-101.774521,-112.281998
1627530759.316208,499.970459,-101.845917,-112.879135
1627530759.355783,500.396729,-101.724487,-112.234207
1627530759.395355,501.139587,-101.643524,-112.325607
1627530759.434927,501.665222,-102.109726,-113.111008
1627530759.474499,501.377686,-102.166168,-113.565811
1627530759.514071,501.524353,-102.415558,-113.376389
1627530759.553645,501.273804,-103.429672,-112.419540
1627530759.593220,501.314819,-103.798950,-111.778244
1627530759.632796,501.081085,-104.186798,-110.873032
1627530759.672372,500.796173,-104.880264,-109.923996
1627530759.711942,500.462799,-105.006653,-108.898987
1627530759.751519,500.669342,-104.959259,-108.544434
1627530759.791092,500.045837,-105.113007,-108.834595
1627530759.830663,499.930908,-105.281525,-107.122528
1627530759.870232,499.550110,-105.005646,-107.241592
1627530759.909806,499.355408,-104.529541,-107.239914
1627530759.949380,499.305267,-103.614594,-107.366898
1627530759.988953,499.118164,-103.186722,-108.027237
1627530760.028529,498.684448,-102.550842,-108.034531
1627530760.068105,498.762390,-102.242844,-107.951187
1627530760.107677,497.739532,-102.050598,-107.919739
1627530760.147247,497.037231,-102.323822,-107.967239
1627530760.186823,496.173798,-102.413696,-108.304092
1627530760.226396,495.459900,-102.816956,-108.805038
1627530760.265972,494.526184,-102.871704,-109.037750
1627530760.305543,494.117920,-103.133728,-109.303482
1627530760.345117,493.287750,-103.318054,-110.010040
1627530760.384691,492.996521,-102.568237,-109.762741
1627530760.424261,492.518250,-101.715530,-109.649094
1627530760.463833,492.188812,-101.181061,-110.934830
1627530760.503402,491.931580,-101.031387,-111.693497
1627530760.542972,491.571533,-100.519821,-112.710449
1627530760.582544,491.603394,-99.541504,-113.585785
1627530760.622116,492.239258,-98.813919,-114.594360
1627530760.661682,492.356964,-98.016190,-115.023438
1627530760.701255,493.030823,-97.470520,-115.337616
1627530760.740826,493.154419,-97.749466,-115.402756
1627530760.780399,493.231903,-97.987320,-115.908386
1627530760.819968,493.598755,-98.177017,-115.280960
1627530760.859540,493.994324,-98.302338,-116.197708
1627530760.899117,494.514160,-99.374893,-116.983566
1627530760.938694,494.677399,-99.715927,-117.515396
1627530760.978267,494.784149,-100.172623,-117.378281
1627530761.017844,495.306519,-100.626678,-118.113754
1627530761.057421,495.375854,-100.763733,-116.979034
1627530761.096990,495.635437,-101.196854,-116.701462
1627530761.136561,495.534607,-101.537643,-116.731903
1627530761.176133,495.640015,-102.291962,-115.683792
1627530761.215703,495.307007,-103.006989,-115.010666
1627530761.255278,495.122437,-103.220825,-115.230820
1627530761.294853,495.398987,-103.463821,-114.798019
1627530761.334431,495.618347,-103.138290,-114.781265
1627530761.374007,495.318390,-102.809265,-114.425522
1627530761.413590,495.432312,-102.680466,-114.218887
1627530761.453172,495.645935,-102.786728,-114.789825
1627530761.492750,495.194397,-102.769989,-115.126877
1627530761.532331,495.394379,-102.779434,-114.755081
1627530761.571906,495.415405,-103.274246,-114.872131
1627530761.611485,495.454285,-103.527618,-114.492447
1627530761.651063,495.522095,-103.731598,-114.405594
1627530761.690643,495.463898,-104.069901,-114.264526
1627530761.730222,495.291443,-104.296326,-114.388596
1627530761.769794,495.288757,-104.715118,-114.068573
1627530761.809371,494.986084,-104.859604,-113.555283
1627530761.848951,495.369873,-105.475342,-113.606277
1627530761.888525,495.162903,-105.611755,-113.209122
1627530761.928105,495.252594,-106.147171,-113.199249
1627530761.967680,495.183716,-106.213104,-113.113098
1627530762.007254,495.769775,-105.714249,-112.185699
1627530762.046829,495.906616,-105.155457,-112.336777
1627530762.086403,496.488647,-104.996384,-111.841965
1627530762.125977,496.681610,-104.569107,-112.280396
1627530762.165550,497.105591,-104.137451,-112.920563
1627530762.205126,497.648743,-103.609619,-113.137329
1627530762.244706,498.116028,-103.234100,-112.271133
1627530762.284284,498.479248,-103.011444,-112.733261
1627530762.323860,498.351746,-102.643173,-112.789108
1627530762.363438,498.377838,-102.612717,-113.030319
1627530762.403013,498.804260,-102.807709,-113.155243
1627530762.442587,498.835815,-102.792923,-113.136475
1627530762.482165,498.799469,-102.680771,-112.218353
1627530762.521738,498.954559,-102.522827,-112.601929
1627530762.561315,499.165588,-102.333359,-112.007446
1627530762.600896,499.225800,-102.668320,-112.876663
1627530762.640470,498.951294,-102.741882,-112.848129
1627530762.680047,498.543427,-103.136902,-112.985184
1627530762.719623,498.923553,-102.523270,-112.587143
1627530762.759198,498.905212,-102.218353,-112.051117
1627530762.798774,498.666412,-101.780624,-112.724503
1627530762.838353,498.652710,-101.771027,-113.499954
1627530762.877932,498.571106,-101.775421,-113.516403
1627530762.917510,498.926880,-101.907303,-114.034943
1627530762.957086,498.755798,-101.871338,-114.702438
1627530762.996667,498.058044,-101.589752,-115.378326
1627530763.036247,498.265991,-101.790192,-115.213272
1627530763.075822,497.735229,-101.583740,-114.957916
1627530763.115399,497.779053,-101.526749,-115.364716
1627530763.154977,497.169403,-101.741913,-116.077225
1627530763.194558,497.225189,-102.147507,-116.601059
1627530763.234134,497.038422,-102.326294,-117.517197
1627530763.273712,496.429962,-102.380386,-117.807114
1627530763.313286,496.041290,-103.026428,-117.933517
1627530763.352863,495.775330,-103.123901,-117.679535
1627530763.392444,495.135559,-103.502747,-118.244247
1627530763.432025,495.186584,-103.857346,-118.962967
1627530763.471604,494.803223,-104.400558,-119.643005
1627530763.511177,494.540222,-104.698074,-120.217636
1627530763.550752,494.374084,-104.960617,-120.313736
1627530763.590328,494.030518,-105.003357,-120.785538
1627530763.629906,493.945435,-104.824524,-120.960907
1627530763.669486,493.788574,-104.362320,-120.966263
1627530763.709063,493.809204,-104.429047,-120.673447
1627530763.748635,493.909393,-104.454788,-121.153046
1627530763.788211,493.834412,-104.150040,-120.103271
1627530763.827788,494.146423,-104.017471,-119.452652
1627530763.867369,494.061371,-103.847122,-118.671906
1627530763.906945,493.943756,-104.009460,-117.953781
1627530763.946520,494.507751,-104.133041,-116.223633
1627530763.986099,494.175629,-103.681580,-114.247665
1627530764.025677,494.064331,-103.328781,-114.031967
1627530764.065260,494.302429,-103.051407,-112.816696
1627530764.104836,494.606934,-103.004852,-112.067017
1627530764.144413,495.066650,-102.739639,-112.264313
1627530764.183994,495.674927,-102.664276,-112.154205
1627530764.223574,495.454590,-102.512466,-112.201874
1627530764.263148,495.615051,-103.131256,-111.833084
1627530764.302722,495.292908,-103.660751,-111.860397
1627530764.342303,495.503876,-103.759949,-111.090546
1627530764.381884,495.685059,-104.157959,-110.277283
1627530764.421467,495.923615,-104.037308,-110.300751
1627530764.461053,495.901428,-104.046143,-110.271042
1627530764.500636,496.011108,-104.325333,-110.262848
1627530764.540219,496.354980,-104.092422,-110.138336
1627530764.579801,496.443146,-104.064453,-109.838669
1627530764.619381,496.535828,-104.162186,-109.622772
1627530764.658959,496.686951,-104.129471,-109.959641
1627530764.698540,496.691345,-104.541580,-109.858185
1627530764.738117,496.602173,-105.339188,-110.183807
1627530764.777707,496.478088,-104.940872,-109.788940
1627530764.817286,496.700623,-104.727356,-109.536072
1627530764.856862,496.751221,-104.505905,-110.123154
1627530764.896442,496.883179,-104.243958,-110.006134
1627530764.936023,497.373901,-103.404297,-109.886047
1627530764.975602,497.446106,-102.904144,-110.008667
1627530765.015179,497.510284,-102.646072,-110.136490
1627530765.054758,497.513794,-102.406006,-110.688904
1627530765.094342,497.387817,-102.068390,-111.437653
1627530765.133922,497.222717,-101.667694,-112.194641
1627530765.173501,497.499939,-101.404083,-112.725174
1627530765.213080,497.404633,-101.415497,-112.950531
1627530765.252657,497.081970,-102.135071,-114.151031
1627530765.292235,496.830872,-102.987976,-115.695251
1627530765.331810,496.210938,-103.669754,-117.457504
1627530765.371389,496.087158,-104.575882,-118.825256
1627530765.410964,496.057007,-104.958725,-119.632385
1627530765.450544,495.573090,-104.938599,-119.618607
1627530765.490124,495.105774,-105.189972,-119.647827
1627530765.529701,495.249756,-105.660965,-120.211624
1627530765.569283,494.510223,-106.085587,-120.330307
1627530765.608857,494.584991,-106.221893,-121.247803
1627530765.648432,494.213745,-106.304214,-121.032898
1627530765.688011,494.011017,-106.313019,-120.694260
1627530765.727589,493.765503,-106.209854,-121.217178
1627530765.767164,493.640472,-106.378662,-120.468323
1627530765.806741,493.643707,-105.890015,-120.334885
1627530765.846322,493.738342,-105.557602,-119.701370
1627530765.885906,493.951660,-105.197052,-120.190536
1627530765.925487,493.627869,-104.891785,-119.392303
1627530765.965063,494.090057,-104.326706,-119.301376
1627530766.004636,494.517944,-103.996918,-119.139008
1627530766.044211,494.369446,-104.024048,-119.096313
1627530766.083787,494.491516,-103.725769,-118.498901
1627530766.123366,494.371643,-103.685638,-118.052155
1627530766.162943,494.983643,-103.456680,-117.132736
1627530766.202522,494.802124,-103.544830,-116.338898
1627530766.242099,495.083008,-103.372223,-115.470673
1627530766.281678,495.268127,-103.192032,-115.521439
1627530766.321253,495.441589,-102.832047,-114.566818
1627530766.360830,495.290222,-102.824326,-114.978622
1627530766.400405,495.740814,-103.371948,-115.083649
1627530766.439981,495.558105,-103.306488,-114.717834
1627530766.479555,495.932739,-103.203613,-114.708862
1627530766.519133,495.976501,-103.520172,-115.204575
1627530766.558710,495.990662,-103.856766,-116.080688
1627530766.598292,496.145416,-103.795959,-115.589996
1627530766.637873,496.523193,-104.020370,-115.456818
1627530766.677450,496.418121,-103.892639,-116.148422
1627530766.717027,496.326111,-104.279892,-115.429764
1627530766.756601,496.126129,-104.378525,-114.701996
1627530766.796180,496.352783,-104.693481,-114.600403
1627530766.835756,496.273926,-104.590805,-114.207306
1627530766.875334,496.161865,-104.610001,-114.250107
1627530766.914913,496.258118,-104.784882,-114.924637
1627530766.954490,496.305542,-105.393402,-114.862778
1627530766.994066,496.456787,-105.092941,-113.363098
1627530767.033644,496.655640,-105.156494,-113.780899
1627530767.073217,496.409241,-105.194031,-115.003769
1627530767.112789,496.609467,-104.733871,-114.168152
1627530767.152367,496.595917,-104.636795,-113.688461
1627530767.191946,496.600464,-105.170197,-113.867874
1627530767.231523,496.683563,-105.419785,-114.191330
1627530767.271098,496.691467,-105.168213,-113.958710
1627530767.310675,496.543945,-104.979065,-113.287842
1627530767.350251,496.562500,-105.087311,-113.092010
1627530767.389826,496.668732,-105.315292,-113.945099
1627530767.429405,496.589905,-105.007599,-114.097244
1627530767.468980,496.658142,-104.880310,-113.960815
1627530767.508558,496.953674,-104.496857,-114.269333
1627530767.548132,496.941864,-103.931900,-115.380951
1627530767.587706,496.879639,-103.563293,-116.070511
1627530767.627280,496.854736,-103.603058,-117.375000
1627530767.666860,497.205261,-103.542099,-118.420197
1627530767.706433,496.926147,-103.544510,-119.285782
1627530767.746011,496.836151,-103.822830,-121.158890
1627530767.785588,496.559204,-104.023010,-121.785172
1627530767.825164,496.401001,-104.097931,-122.539490
1627530767.864741,496.361267,-104.725891,-123.148148
1627530767.904316,496.253571,-104.476044,-123.724792
1627530767.943893,496.341370,-104.538483,-124.404785
1627530767.983466,496.359619,-103.981293,-123.920593
1627530768.023043,496.334808,-103.397125,-123.547211
1627530768.062618,496.659668,-102.795425,-123.129440
1627530768.102193,496.553162,-102.695160,-122.428558
1627530768.141765,496.424683,-102.275085,-122.379425
1627530768.181340,496.446899,-102.286865,-121.706650
1627530768.220915,496.502441,-102.484314,-121.517853
1627530768.260486,496.541809,-102.460464,-121.309937
1627530768.300055,496.411804,-102.437881,-121.105118
1627530768.339628,496.498657,-102.471786,-120.948700
1627530768.379201,496.433228,-102.622940,-120.506821
1627530768.418775,496.741699,-102.844513,-120.869217
1627530768.458349,496.718811,-103.094696,-120.979813
1627530768.497921,497.060120,-103.255707,-120.767212
1627530768.537492,497.229614,-103.490601,-121.469955
1627530768.577063,496.941895,-103.752884,-121.326767
1627530768.616639,497.092590,-104.090607,-121.148224
1627530768.656213,497.630981,-104.067673,-121.360062
1627530768.695784,497.579620,-104.157501,-121.341660
1627530768.735355,497.481903,-103.768768,-120.742035
1627530768.774927,498.039001,-104.191681,-120.380341
1627530768.814497,498.865753,-104.137497,-120.748779
1627530768.854067,498.790863,-103.584778,-120.604416
1627530768.893643,499.042511,-103.737915,-120.412903
1627530768.933218,498.924500,-103.520737,-120.697754
1627530768.972794,499.387451,-103.685989,-120.568695
1627530769.012370,499.307556,-103.683075,-121.188126
1627530769.051947,499.420776,-104.293808,-121.616302
1627530769.091524,499.643494,-104.365265,-122.047012
1627530769.131102,500.220581,-104.122330,-122.373062
1627530769.170676,500.296326,-104.509384,-123.081879
1627530769.210250,500.374207,-104.425415,-124.015976
1627530769.249829,500.770508,-104.483612,-124.809982
1627530769.289408,501.064880,-104.539047,-125.135498
1627530769.328982,501.430603,-104.878906,-126.050720
1627530769.368556,501.297913,-105.025375,-125.823669
1627530769.408129,501.316315,-105.351868,-125.977997
1627530769.447700,501.779907,-105.741196,-126.014648
1627530769.487277,501.290497,-106.219681,-126.256027
1627530769.526851,501.050964,-106.819534,-126.339890
1627530769.566426,500.727478,-107.478256,-125.851532
1627530769.606005,500.661407,-108.052750,-125.801849
1627530769.645583,500.467834,-108.661697,-125.908783
1627530769.685161,500.686432,-109.344269,-125.201447
1627530769.724740,500.564697,-109.544357,-125.181458
1627530769.764315,500.950562,-110.230774,-125.356705
1627530769.803887,501.335999,-110.832321,-125.755692
1627530769.843460,501.433472,-111.097382,-125.867096
1627530769.883027,501.598694,-112.016708,-125.671967
1627530769.922595,501.656464,-112.324371,-124.778687
1627530769.962168,501.538879,-112.240952,-124.390610
1627530770.001742,502.048340,-112.733383,-124.814362
1627530770.041319,502.307373,-113.218353,-124.262543
1627530770.080891,502.226013,-112.983871,-124.046982
1627530770.120463,502.517059,-113.660706,-123.923462
1627530770.160036,502.851105,-114.342041,-123.984650
1627530770.199607,503.101013,-114.787994,-123.861557
1627530770.239182,502.961182,-114.993408,-123.269119
1627530770.278753,503.169952,-115.668869,-123.131409
1627530770.318324,503.145477,-116.239548,-123.005432
1627530770.357894,503.189789,-116.367416,-123.065567
1627530770.397465,503.290100,-116.624634,-122.937408
1627530770.437027,503.281097,-117.134903,-122.184616
1627530770.476594,503.322357,-117.144135,-122.070831
1627530770.516166,503.363770,-117.697891,-121.714935
1627530770.555737,503.585327,-117.741043,-121.328934
1627530770.595311,503.629517,-118.063156,-121.407593
1627530770.634889,503.786926,-118.243057,-121.141586
1627530770.674464,504.081116,-118.504501,-120.889557
1627530770.714042,504.221100,-118.528107,-120.795700
1627530770.753619,504.308105,-118.979324,-120.875427
1627530770.793195,504.419647,-119.193741,-120.532700
1627530770.832771,504.498779,-119.463150,-120.078598
1627530770.872346,504.734497,-119.517303,-120.302643
1627530770.911924,504.768127,-119.622696,-120.424316
1627530770.951499,505.060669,-119.555618,-119.701004
1627530770.991073,504.980957,-119.080658,-118.931763
1627530771.030643,505.126526,-119.157242,-119.447891
1627530771.070215,505.540222,-119.323746,-119.469681
1627530771.109784,505.297150,-119.243515,-118.954224
1627530771.149363,505.424438,-119.390564,-118.016739
1627530771.188940,505.593567,-119.755341,-117.872437
1627530771.228517,505.322418,-119.814255,-117.707428
1627530771.268092,505.339386,-119.913483,-116.814667
1627530771.307670,505.588318,-120.240509,-116.235596
1627530771.347249,505.573425,-120.195374,-115.815811
1627530771.386833,505.758240,-120.480499,-115.097992
1627530771.426415,505.862854,-120.798477,-115.155212
1627530771.465994,506.081085,-121.002762,-114.823151
1627530771.505578,506.152893,-120.857712,-115.078491
1627530771.545159,506.186218,-120.698898,-114.631836
1627530771.584740,506.521606,-121.035294,-114.084335
1627530771.624322,506.551453,-121.040298,-113.801025
1627530771.663900,506.807373,-121.275391,-114.264786
1627530771.703480,506.737579,-121.781677,-114.475494
1627530771.743058,507.080261,-122.000793,-114.596191
1627530771.782638,506.996033,-122.459702,-114.167419
1627530771.822210,507.023254,-122.467957,-114.509018
1627530771.861793,507.101898,-122.775223,-114.535629
1627530771.901367,507.099091,-123.306793,-114.183624
1627530771.940956,507.372253,-123.346481,-113.492783
1627530771.980534,507.251740,-123.484558,-113.335327
1627530772.020113,507.462280,-123.908417,-113.056656
1627530772.059695,507.201019,-123.940704,-112.548050
1627530772.099276,507.528442,-123.890854,-111.766434
1627530772.138856,507.485962,-123.914352,-111.397385
1627530772.178440,507.439087,-123.664841,-111.032013
1627530772.218023,507.508545,-123.765152,-110.866684
1627530772.257611,508.013611,-123.549484,-110.249298
1627530772.297192,507.963379,-123.330460,-110.179153
1627530772.336770,508.072693,-123.523209,-109.896103
1627530772.376348,508.017517,-123.377930,-110.587311
1627530772.415925,508.418762,-123.341965,-110.565216
1627530772.455501,508.434631,-123.368591,-110.832489
1627530772.495079,508.453217,-123.232285,-110.846283
1627530772.534654,508.350739,-123.155960,-111.140335
1627530772.574232,508.938538,-123.653397,-110.900101
1627530772.613810,508.952393,-123.684448,-111.335983
1627530772.653398,508.628387,-123.746094,-110.625473
1627530772.692979,508.833435,-123.970749,-110.636810
1627530772.732564,508.977448,-124.336258,-110.139511
1627530772.772149,509.199463,-124.778259,-110.199921
1627530772.811733,509.198181,-124.984314,-109.942017
1627530772.851315,509.035278,-125.278381,-109.554703
1627530772.890892,509.074890,-125.380875,-109.273651
1627530772.930475,509.205322,-125.614059,-109.097031
1627530772.970060,509.411163,-126.105988,-108.587891
1627530773.009645,509.075012,-126.112625,-109.278976
1627530773.049227,509.471527,-126.257751,-108.947067
1627530773.088813,509.223602,-126.077484,-108.636185
1627530773.128395,509.170044,-126.076385,-108.512756
1627530773.167975,509.180664,-125.794678,-108.373245
1627530773.207552,509.160767,-125.901917,-108.333252
1627530773.247133,508.950317,-125.968781,-108.648849
1627530773.286711,509.353638,-126.291016,-108.499969
1627530773.326293,509.285889,-126.414581,-108.794785
1627530773.365874,509.213684,-126.292847,-109.213226
1627530773.405453,509.248718,-126.186295,-109.234085
1627530773.445032,509.524658,-126.400665,-109.503311
1627530773.484611,509.332092,-126.170288,-109.441711
1627530773.524192,509.273254,-126.181061,-109.503326
1627530773.563771,509.198456,-126.121155,-109.951279
1627530773.603348,509.367676,-126.298706,-109.663498
1627530773.642929,509.519928,-125.938293,-110.293091
1627530773.682511,509.294495,-125.877991,-110.497482
1627530773.722090,509.382263,-125.524811,-110.661697
1627530773.761672,509.367279,-125.176376,-110.722244
1627530773.801256,509.119415,-125.146027,-110.819641
1627530773.840842,509.160278,-124.910233,-110.802200
1627530773.880424,509.291565,-124.811798,-110.940872
1627530773.920003,509.136810,-124.857788,-111.074371
1627530773.959579,509.324158,-124.973465,-111.067352
1627530773.999163,509.019775,-125.211884,-111.315521
1627530774.038743,509.273407,-125.090561,-111.355820
1627530774.078328,509.000183,-125.156342,-111.414124
1627530774.117912,509.002075,-125.559708,-111.563675
1627530774.157497,509.075317,-125.695190,-111.556503
1627530774.197081,509.133301,-125.795242,-111.829544
1627530774.236663,509.259308,-126.073227,-111.816422
1627530774.276241,509.232239,-126.231674,-111.816025
1627530774.315822,509.102356,-126.454727,-111.645248
1627530774.355405,508.954437,-126.696320,-111.886917
1627530774.394987,508.812500,-126.890366,-111.572327
1627530774.434564,509.016541,-127.337204,-111.799789
1627530774.474143,508.781250,-127.433884,-111.015915
1627530774.513722,508.904846,-128.070084,-111.500488
1627530774.553300,509.190735,-128.494537,-111.263977
1627530774.592880,508.975464,-128.589447,-111.181946
1627530774.632460,508.936005,-128.726288,-111.172852
1627530774.672034,508.644470,-128.631500,-111.211548
1627530774.711615,508.750916,-128.549377,-110.368881
1627530774.751190,509.138489,-128.890259,-109.538330
1627530774.790769,508.556213,-129.082321,-109.609558
1627530774.830347,508.492798,-129.078125,-109.613159
1627530774.869924,508.605591,-129.373077,-109.080566
1627530774.909502,508.950287,-129.694595,-109.016235
1627530774.949080,508.904175,-130.081207,-108.570007
1627530774.988660,508.872498,-130.428391,-107.745010
1627530775.028238,508.942566,-130.441742,-107.726730
1627530775.067819,509.002960,-130.757660,-107.310226
1627530775.107395,509.018311,-131.016632,-107.794662
1627530775.146970,508.804443,-130.927658,-108.219452
1627530775.186545,508.852936,-131.576447,-107.837585
1627530775.226123,509.062592,-132.286606,-107.890991
1627530775.265705,508.485565,-132.372543,-107.834869
1627530775.305288,508.917969,-132.707306,-108.179977
1627530775.344863,508.912903,-132.961716,-108.174332
1627530775.384440,508.905090,-132.887589,-108.394913
1627530775.424020,508.437134,-132.980698,-108.076965
1627530775.463595,508.691833,-133.587601,-108.191986
1627530775.503174,508.695435,-133.911987,-108.243500
1627530775.542754,508.832397,-134.374985,-107.789490
1627530775.582333,508.763702,-134.878571,-107.823410
1627530775.621914,508.801086,-135.404480,-107.458923
1627530775.661497,508.668701,-135.905106,-108.113419
1627530775.701080,509.024475,-135.944656,-108.114426
1627530775.740664,508.802887,-136.571976,-108.686874
1627530775.780247,509.030029,-137.238556,-109.186752
1627530775.819826,509.089783,-137.665436,-109.500458
1627530775.859403,509.296478,-138.188171,-109.256668
1627530775.898981,508.986023,-138.286530,-109.667908
1627530775.938558,508.750244,-138.362656,-109.885666
1627530775.978134,508.782043,-138.545502,-110.142914
1627530776.017712,508.840149,-138.679871,-109.962616
1627530776.057287,508.504944,-138.952637,-110.007156
1627530776.096874,508.610229,-139.442123,-110.355606
1627530776.136453,508.660553,-139.896973,-111.060684
1627530776.176037,509.052307,-140.629913,-110.140747
1627530776.215617,508.858276,-141.422867,-110.330383
1627530776.255199,508.943115,-142.120789,-110.351807
1627530776.294773,508.997925,-142.451569,-110.666168
1627530776.334356,509.103729,-143.173126,-110.924973
1627530776.373939,509.440460,-144.297638,-111.267746
1627530776.413514,509.644714,-144.964157,-111.755295
1627530776.453096,509.888428,-145.874649,-111.803665
1627530776.492684,510.059204,-146.161438,-112.235687
1627530776.532263,510.308899,-146.875977,-112.695862
1627530776.571854,510.238403,-147.044754,-113.442291
1627530776.611439,510.355957,-147.286224,-114.510223
1627530776.651020,510.500671,-147.782547,-114.745590
1627530776.690601,510.521820,-148.246033,-115.414978
1627530776.730181,510.930786,-148.525665,-116.139664
1627530776.769763,511.005035,-148.711914,-116.797760
1627530776.809342,511.436768,-149.063568,-117.210175
1627530776.848914,511.522430,-149.635132,-117.906448
1627530776.888502,511.996216,-150.149216,-118.375320
1627530776.928087,512.028503,-150.506790,-118.918808
1627530776.967665,512.735046,-150.600037,-120.234467
1627530777.007245,513.084229,-150.882996,-121.671432
1627530777.046818,513.844299,-151.148788,-122.885559
1627530777.086392,514.588135,-151.406265,-124.153427
1627530777.125973,515.174744,-152.085236,-124.549576
1627530777.165551,515.478577,-152.034485,-125.794083
1627530777.205127,515.690674,-152.252304,-126.319321
1627530777.244716,516.346130,-152.629105,-126.940796
1627530777.284292,516.713257,-152.837692,-127.093491
1627530777.323879,517.178833,-152.993591,-127.897507
1627530777.363456,517.477417,-152.960739,-128.198929
1627530777.403026,517.732422,-153.191254,-128.853363
1627530777.442611,518.214539,-153.663406,-128.850250
1627530777.482188,517.902222,-153.819061,-128.601883
1627530777.521768,517.649414,-153.765930,-128.446686
1627530777.561349,517.552307,-153.669418,-128.495956
1627530777.600926,517.807739,-154.242844,-128.584473
1627530777.640507,518.135132,-154.398972,-128.561111
1627530777.680085,518.639771,-154.501968,-129.454330
1627530777.719667,519.177002,-154.841644,-129.424911
1627530777.759248,519.775024,-154.873230,-129.800354
1627530777.798820,520.036743,-154.910461,-130.589386
1627530777.838400,520.683105,-154.940720,-130.798325
1627530777.877978,521.059265,-154.589523,-131.925491
1627530777.917562,521.107910,-154.111404,-132.763000
1627530777.957141,521.679077,-154.317841,-132.882782
1627530777.996725,521.633240,-153.842270,-133.573730
1627530778.036309,521.777771,-153.473740,-134.189560
1627530778.075886,522.211609,-153.481308,-134.567322
1627530778.115469,522.443604,-153.235031,-134.955856
1627530778.155050,522.634460,-152.354446,-135.495422
1627530778.194629,523.050415,-151.795502,-136.713364
1627530778.234212,523.187256,-150.977051,-137.412979
1627530778.273788,523.713379,-150.475388,-138.202286
1627530778.313368,524.175964,-149.870346,-139.052444
1627530778.352942,525.073242,-149.378387,-139.665634
1627530778.392522,525.259094,-148.945953,-139.852341
1627530778.432101,525.535278,-148.519470,-140.612442
1627530778.471677,526.108826,-148.226547,-140.578796
1627530778.511253,525.895752,-147.616531,-140.814667
1627530778.550830,525.894836,-147.517715,-141.340607
1627530778.590407,525.963135,-147.236359,-141.402679
1627530778.629981,526.155945,-146.912537,-142.053436
1627530778.669554,526.820923,-147.272339,-141.631378
1627530778.709128,526.939636,-147.657776,-141.379944
1627530778.748703,527.006104,-147.470810,-141.935440
1627530778.788278,526.788330,-147.522293,-141.886795
1627530778.827856,527.119629,-147.881729,-141.566086
1627530778.867433,527.439697,-147.971497,-141.856964
1627530778.907011,527.531372,-147.932037,-141.447388
1627530778.946589,528.065979,-147.954330,-141.772095
1627530778.986164,528.623596,-147.768509,-141.565048
1627530779.025739,528.961792,-147.926910,-142.303329
1627530779.065316,529.250549,-147.806290,-141.783020
1627530779.104891,529.325073,-147.623993,-142.119873
1627530779.144467,529.900085,-147.460724,-142.087219
1627530779.184044,529.717224,-146.839691,-142.566086
1627530779.223613,530.089844,-146.610107,-142.751190
1627530779.263186,530.321045,-146.489243,-142.978912
1627530779.302760,531.091064,-146.113449,-143.231537
1627530779.342333,530.751465,-145.533157,-143.535919
1627530779.381911,530.613647,-144.858749,-144.028946
1627530779.421489,530.771606,-144.417389,-143.774597
1627530779.461068,531.077637,-143.847900,-143.994919
1627530779.500646,530.946411,-143.137436,-144.870514
1627530779.540220,531.310425,-142.698654,-144.445587
1627530779.579796,531.940186,-141.876801,-145.170578
1627530779.619374,532.751465,-140.796188,-145.940323
1627530779.658948,533.241394,-139.958191,-145.967102
1627530779.698525,533.567505,-139.216995,-146.677719
1627530779.738102,533.680298,-138.261673,-146.612686
1627530779.777677,534.255188,-137.108871,-147.040436
1627530779.817250,533.713501,-135.560745,-147.510269
1627530779.856827,533.811340,-134.223206,-147.617050
1627530779.896402,533.761780,-133.333908,-147.518890
1627530779.935971,534.099243,-132.501114,-147.713394
1627530779.975547,534.132507,-131.978851,-147.847473
1627530780.015123,534.067810,-131.482773,-147.817535
1627530780.054700,534.117310,-131.307190,-147.635239
1627530780.094275,534.456787,-131.106476,-148.005081
1627530780.133851,534.561462,-130.993118,-147.725555
1627530780.173423,534.654236,-130.841858,-147.800186
1627530780.213001,535.030884,-130.650024,-148.019333
1627530780.252573,535.342041,-130.229263,-147.898605
1627530780.292140,535.269043,-129.742126,-147.941010
1627530780.331715,535.307617,-129.044937,-148.050476
1627530780.371289,535.055298,-128.296066,-147.681213
1627530780.410866,535.124146,-127.463730,-147.946228
1627530780.450441,534.670410,-126.438416,-147.815872
1627530780.490019,534.722351,-125.485703,-147.718979
1627530780.529593,534.294739,-124.337387,-147.849304
1627530780.569168,533.920044,-123.254913,-147.836182
1627530780.608741,533.756226,-122.530304,-147.704346
1627530780.648317,533.313232,-121.333374,-147.198242
1627530780.687896,533.104004,-120.233673,-146.935013
1627530780.727472,532.954895,-119.063202,-146.844208
1627530780.767044,532.751526,-118.179413,-146.586823
1627530780.806618,532.681641,-117.507523,-146.280396
1627530780.846197,532.657043,-116.802307,-146.391830
1627530780.885770,532.077026,-116.498688,-145.930771
1627530780.925344,531.786621,-116.292343,-146.066559
1627530780.964919,531.518250,-115.900803,-146.134705
1627530781.004492,531.140503,-116.131226,-146.066544
1627530781.044066,530.886047,-116.219193,-146.075760
1627530781.083641,530.974365,-115.902817,-145.635178
1627530781.123214,531.003418,-115.696259,-145.657928
1627530781.162785,530.892212,-116.069382,-145.448746
1627530781.202355,530.810669,-115.969788,-146.064957
1627530781.241928,531.069885,-115.635803,-145.725769
1627530781.281495,530.711792,-115.312958,-145.357254
1627530781.321068,530.659790,-115.056625,-144.799667
1627530781.360644,530.480530,-114.545425,-145.248825
1627530781.400222,530.253601,-114.183578,-144.888840
1627530781.439797,530.253052,-113.750183,-144.801010
1627530781.479370,530.212158,-113.560516,-144.275742
1627530781.518941,529.772156,-113.335480,-144.365494
1627530781.558510,529.051453,-113.186127,-143.872437
1627530781.598081,528.413086,-113.053360,-143.416245
1627530781.637654,527.812012,-112.466934,-142.807663
1627530781.677226,527.053467,-111.833755,-142.756210
1627530781.716801,526.220093,-111.152069,-142.085831
1627530781.756372,525.595093,-110.731400,-141.237076
1627530781.795943,524.850952,-110.531296,-140.644958
1627530781.835510,524.034668,-109.803513,-140.181244
1627530781.875082,523.674438,-109.630630,-139.554031
1627530781.914653,522.961182,-108.906906,-139.089523
1627530781.954229,522.315979,-108.347519,-137.697449
1627530781.993803,521.810913,-107.511841,-137.066803
1627530782.033375,521.284668,-106.972855,-136.445602
1627530782.072946,520.718506,-107.178513,-135.715973
1627530782.112522,520.243164,-106.399521,-135.313782
1627530782.152095,519.950317,-106.240128,-134.798523
1627530782.191666,519.486084,-106.041428,-134.443390
1627530782.231240,519.112488,-106.307892,-134.219513
1627530782.270812,518.820251,-106.210724,-132.927689
1627530782.310383,518.218079,-106.049072,-132.935410
1627530782.349956,517.896362,-106.112442,-132.353455
1627530782.389526,517.701294,-106.490219,-132.148285
1627530782.429099,517.461182,-106.758377,-132.030472
1627530782.468673,517.243896,-107.318542,-131.888947
1627530782.508244,517.186951,-107.310455,-132.101120
1627530782.547819,517.274719,-106.576370,-131.663422
1627530782.587394,517.284363,-106.649780,-130.796982
1627530782.626966,517.414429,-106.880432,-131.035568
1627530782.666539,516.737732,-106.297760,-130.227432
1627530782.706109,516.731812,-106.729019,-129.882431
1627530782.745679,516.220581,-106.177795,-129.323532
1627530782.785250,515.896423,-106.205200,-128.946793
1627530782.824823,515.393494,-106.521561,-128.525970
1627530782.864396,514.765015,-107.095764,-128.318558
1627530782.903971,514.283081,-106.890320,-127.548889
1627530782.943538,513.794983,-107.102890,-127.305084
1627530782.983104,513.170593,-107.138229,-126.995117
1627530783.022671,512.955322,-107.627441,-126.635132
1627530783.062242,512.129639,-107.594147,-125.597717
1627530783.101814,511.594574,-107.774582,-125.533844
1627530783.141387,511.196045,-108.116089,-124.698318
1627530783.180960,509.948364,-108.781342,-124.671432
1627530783.220527,509.176819,-109.799515,-124.088409
1627530783.260106,508.217010,-110.114731,-123.277649
1627530783.299681,507.711670,-110.632217,-122.849106
1627530783.339258,506.856781,-111.138367,-121.908554
1627530783.378838,506.455994,-111.172684,-120.722778
1627530783.418416,505.892395,-111.195877,-120.348419
1627530783.458005,505.376953,-111.174057,-118.940216
1627530783.497579,505.425903,-110.921875,-118.905350
1627530783.537165,505.110474,-110.495667,-117.743851
1627530783.576743,505.560303,-110.088104,-117.853760
1627530783.616316,505.388031,-109.695526,-117.436066
1627530783.655890,505.216125,-109.725449,-117.412567
1627530783.695473,505.235962,-109.583389,-117.245819
1627530783.735051,505.063080,-109.669342,-116.737610
1627530783.774630,505.048645,-108.960693,-116.518646
1627530783.814202,505.284546,-108.781601,-116.691025
1627530783.853775,505.252197,-108.310699,-116.180786
1627530783.893353,505.021118,-107.717712,-116.013809
1627530783.932931,505.051361,-107.375717,-115.590042
1627530783.972504,504.787170,-107.025620,-115.257675
1627530784.012080,504.501038,-107.154129,-115.154434
1627530784.051661,504.628052,-107.194366,-115.378510
1627530784.091239,504.168518,-106.915115,-115.398376
1627530784.130817,503.896667,-106.938934,-115.517807
1627530784.170395,503.833893,-106.853943,-115.884888
1627530784.209972,503.584106,-106.631882,-116.600510
1627530784.249546,503.614136,-106.724213,-116.937592
1627530784.289129,503.097382,-106.569290,-116.686356
1627530784.328710,502.970459,-106.717163,-116.909378
1627530784.368283,502.725891,-106.626862,-117.085510
1627530784.407861,502.238281,-107.067352,-116.982635
1627530784.447437,501.815002,-106.967773,-116.798187
1627530784.487012,501.348877,-107.236954,-116.229080
1627530784.526587,501.153687,-107.471298,-115.917145
1627530784.566167,500.666931,-108.005707,-115.598190
1627530784.605746,500.301636,-107.873947,-114.889923
1627530784.645322,499.994324,-108.014252,-114.159027
1627530784.684904,499.896423,-107.521011,-113.258926
1627530784.724485,499.544861,-107.351700,-112.797638
1627530784.764063,499.832642,-107.285110,-112.683350
1627530784.803651,499.516357,-106.848267,-112.682877
1627530784.843229,499.571899,-106.295609,-112.724701
1627530784.882812,499.161163,-106.256226,-112.472977
1627530784.922393,498.969910,-106.422699,-111.679810
1627530784.961977,498.225098,-106.827103,-111.729431
1627530785.001562,498.311707,-107.081924,-112.024673
1627530785.041135,498.008362,-106.969986,-112.637665
1627530785.080714,497.943359,-107.133255,-112.815109
1627530785.120294,497.432373,-106.901535,-113.164413
1627530785.159878,497.555359,-106.377869,-112.955048
1627530785.199466,497.527649,-105.356583,-113.130661
1627530785.239041,497.928101,-104.438858,-113.256927
1627530785.278627,497.865845,-103.796219,-113.543015
1627530785.318202,498.158325,-103.022049,-113.625397
1627530785.357786,498.451660,-102.582718,-113.632553
1627530785.397359,498.397614,-102.361679,-113.578293
1627530785.436941,498.249390,-102.056549,-114.733887
1627530785.476524,497.987793,-101.737244,-115.230103
1627530785.516113,498.412781,-101.601364,-115.968033
1627530785.555691,498.916260,-101.094894,-115.904984
1627530785.595272,498.670258,-100.737579,-115.897842
1627530785.634848,498.592041,-100.709259,-115.563858
1627530785.674428,498.503601,-101.089539,-115.221054
1627530785.714010,498.196350,-101.213425,-114.973038
1627530785.753591,497.564240,-101.513474,-115.028214
1627530785.793173,497.573059,-101.131302,-114.965088
1627530785.832753,497.371155,-100.973160,-114.758896
1627530785.872333,497.524292,-101.134430,-114.487946
1627530785.911913,497.111755,-100.770981,-114.441437
1627530785.951496,497.339966,-100.629257,-114.706161
1627530785.991077,497.476135,-100.736420,-114.687454
1627530786.030658,498.016174,-100.408615,-115.600342
1627530786.070238,498.085449,-100.325943,-116.110077
1627530786.109820,498.087402,-100.457062,-115.746246
1627530786.149401,497.977539,-100.912201,-116.688553
1627530786.188986,498.195374,-100.970230,-117.205383
1627530786.228574,497.797180,-101.713272,-117.401047
1627530786.268157,497.100464,-101.724365,-115.715103
1627530786.307739,497.153534,-101.846970,-113.796173
1627530786.347320,496.370392,-102.053085,-112.212891
1627530786.386902,495.875183,-102.627396,-111.331635
1627530786.426486,495.408447,-103.482697,-111.368195
1627530786.466069,494.891296,-104.317535,-111.514038
1627530786.505650,494.655792,-104.969193,-112.185028
1627530786.545231,494.352142,-105.599106,-112.686920
1627530786.584809,494.310242,-106.133224,-113.653702
1627530786.624393,494.824829,-105.718445,-113.417145
1627530786.663975,495.041321,-104.953293,-112.772552
1627530786.703556,495.104004,-105.225861,-114.216629
1627530786.743134,495.234741,-105.377380,-114.994324
1627530786.782713,495.665039,-105.005692,-115.600647
1627530786.822285,496.000183,-104.444260,-115.230225
1627530786.861861,496.427948,-104.173141,-115.300079
1627530786.901437,496.813263,-103.593857,-116.250809
1627530786.941015,497.178345,-102.890762,-116.458969
1627530786.980589,497.156525,-102.587357,-116.099365
1627530787.020168,497.042114,-102.346161,-116.181351
1627530787.059750,497.309998,-102.158112,-116.184586
1627530787.099333,497.434235,-101.730301,-116.750000
1627530787.138915,497.587799,-101.682831,-116.792709
